01	17,65,69,71,82,85,115,126,203,205,206,210,234,254,273,275,281,296,297,328,363,445,448,450,544,567,661,717,779,1164,1180,1283,1298,1366,1503,2250,2482,2565,2797,2867,6732,7937,12153
02	0,11,20,23,25,31,40,44,45,94,105,290,320,733,1911
03	13,35,49,72,184,255,261,267,826,4553,5147
04	6,41,55,67,76,79,145,174,194,196,249,280,413,530,537,539,554,616,748,1329,1663,1716,7386
05	87,152,193,215,316,409,443,446,481,488,517,579,587,633,763,795,827,856,874,875,1000,1015,1042,1061,1063,1069,1138,1189,1233,1286,1287,1301,1344,1351,1360,1401,1441,1457,1621,1631,1729,1753,1765,1778,1947,1966,1970,1991,2104,2124,2379,2413,2419,2426,2430,2510,2636,2678,2698,3066,3087,3114,3277,3322,3585,3715,3726,3729,3832,3905,3972,4155,4240,4815,5070,5354,6135,6579,6907,7152,7183,7620,7847,7853,8049,8720,9915,10033,10390,12473,13354,14445
06	18,24,50,70,99,111,114,266,478,482,829,870,1068,1281,2944,3102
07	4,16,37,130,302
08	22,68,89,106,159,167,169,183,192,195,212,269,299,305,326,330,368,416,477,479,521,568,578,613,646,647,726,756,782,807,853,983,1110,1230,1243,1282,1397,1847,2066,2107,2453,2784,3598,5025,6056,6060,6631,8848,9809
09	2,7,9,26,32,52,73,86,322
10	77
11	34,90,93,95,116,117,128,166,173,209,221,247,283,301,332,333,358,366,510,565,695,705,769,834,847,883,917,945,966,974,976,1046,1119,1414,1584,1590,1618,1687,1769,1862,1904,1918,1928,2227,2267,2353,2584,2607,2652,2987,3007,3498,3514,3956,4282,4705,4725,4899,6126,6138,6688,7208,7235,8773,9354,10499,10747,10934,12013,12458,13784,13999,14228,15180,15283,32676
12	1,3,8,146,285,346,4333,4578
13	162
14	352,464,3118
15	157,652
16	100,144,259,291,321,620,669,811,846,852,872,891,898,958,971,1044,1058,1090,1152,1213,1236,1302,1347,1426,1447,1452,1478,1522,1526,1540,1645,1668,1672,1951,1984,1985,1992,2015,2165,2168,2229,2255,2370,2399,2425,2455,2470,2478,2539,2571,2674,2743,2761,2769,2773,2824,2857,2894,2914,2918,2930,2942,2991,3011,3041,3061,3090,3157,3178,3232,3248,3251,3309,3318,3372,3423,3478,3483,3510,3541,3577,3650,3680,3700,3769,3804,3866,3873,3877,3880,3902,3928,3960,3983,3991,4009,4025,4202,4239,4252,4257,4296,4332,4432,4480,4501,4520,4523,4577,4587,4612,4623,4638,4651,4654,4657,4660,4661,4693,4726,4732,4919,4995,5004,5054,5067,5088,5115,5151,5171,5433,5533,5542,5584,5646,5667,5723,5744,5849,5870,5873,5956,6010,6022,6032,6128,6176,6188,6202,6235,6350,6414,6569,6588,6594,6618,6696,6797,6822,6880,6916,6930,6936,7027,7042,7088,7105,7168,7278,7345,7402,7416,7446,7463,7484,7490,7656,7684,7695,7830,7838,7857,7991,8078,8137,8148,8204,8211,8217,8351,8375,8451,8474,8585,8599,8610,8642,8643,8713,8721,8791,8845,8911,8928,8937,8971,9006,9050,9139,9151,9167,9171,9187,9208,9229,9503,9558,9563,9661,9878,9881,9986,10047,10050,10184,10230,10358,10463,10501,10669,10722,10758,10812,11026,11037,11108,11164,11238,11244,11297,11337,11623,11634,11645,11699,11780,11786,11877,11905,11930,11963,12037,12197,12320,12337,12449,12466,12518,12721,12894,12962,12971,13098,13121,13180,13230,13641,13659,13703,13722,13746,13793,13798,13963,14149,14230,14333,14373,14397,14453,14462,14521,14553,14620,14940,15013,15144,15355,15381,15447,15482,15564,15571,15930,15947,16228,16391,16400,16448,16508,16511,16803,16882,16930,17051,17094,17202,17209,17308,17324,17335,17364,17419,17552,17627,17791,17915,18236,18474,18581,18582,18642,18749,18781,18913,18952,19117,19175,19195,19246,19249,19410,19702,19763,19840,19867,19909,20015,20054,20059,20110,20121,20341,20498,20527,20630,20708,20830,21088,21105,21146,21169,21190,21533,21727,21845,21907,21916,22014,22102,22417,22486,22497,22538,22602,22672,22758,22892,23168,23205,23262,23273,23310,23518,23927,24040,24333,24402,24416,24422,24481,24885,24900,25034,25111,25172,25195,25262,25948,26011,26162,26276,26560,26742,26902,26932,27309,27913,28006,28160,28219,28438,28623,28657,28981,29007,29080,29165,29306,30563,30678,31706,31725,31726,32229,32365,32375,32438,32569,32627,32782,33403,33573,33597,33718,33901,34029,34217,34601,35021,35040,35095,35221,35581,35756,35771,35790,36077,36366,36453,36733,36812,37233,37523,37569,37887,37980,38118,38350,38470,39258,39359,39373,39733,39787,40123,40400,40475,40680,41276,41419,41674,41900,42123,42144,42468,43147,43504,43802,43982,44085,44181,44242,44925,45777,45779,46237,46305,46438,46505,46869,47122,47610,47659,47923,47946,48312,48332,48510,48532,48806,49100,49294,49371,49413,49463,49848,50021,50073,50226,50512,50700,50878,51194,51261,51583,51632,52102,52693,52820,52908
17	101,103,112,125,131,133,141,148,178,222,233,238,239,241,244,258,274,282,306,310,329,359,365,398,429,437,483,519,546,553,556,558,625,690,702,730,770,800,803,808,825,835,876,881,885,899,947,952,1022,1094,1116,1123,1158,1162,1170,1173,1187,1202,1219,1231,1258,1273,1311,1320,1328,1330,1345,1387,1400,1416,1431,1482,1488,1512,1537,1538,1562,1573,1586,1628,1638,1654,1718,1726,1851,1905,1989,1999,2058,2101,2141,2181,2194,2202,2293,2298,2299,2322,2325,2395,2502,2532,2574,2711,2782,2795,2912,2958,2979,2996,3004,3105,3126,3281,3304,3384,3507,3599,3626,3693,3718,3727,3762,3799,4024,4042,4204,4350,4457,4460,4531,4793,4804,4879,4922,4932,4976,4980,5061,5086,5401,5497,5663,5909,5922,5927,6111,6124,6180,6253,6289,6343,6464,6484,6524,6669,6762,6865,6868,6918,6999,7023,7164,7421,7575,7601,7692,7951,7980,8089,8114,8181,8335,8348,8528,8596,8677,8796,8866,9122,9474,9536,9823,9874,9883,9911,9968,9984,9985,10002,10055,10253,10398,11462,11534,11761,11814,11917,12036,12052,12107,12224,12400,12480,12604,12608,12907,13690,13743,14201,14226,14502,14708,14912,15082,15311,15438,15746,16012,16073,16459,17296,17790,17964,17988,18185,18309,18853,19222,19254,19463,19676,19930,20084,20532,20639,21248,21539,22086,22270,22275,22866,23974,25033,25548,25789,26061,27184,27844,27955,30418,32443,33638,34338,34373,34378,34420,36928,37088,38861,39052,39887,41474,42109,43975,46567,47988,49010,49352,50215,50748
18	563
19	1246,3055,4640,15040
20	201,230,237,257,271,300,343,344,348,349,430,457,494,536,551,598,603,606,609,641,675,757,848,860,865,904,911,925,936,946,956,995,1004,1007,1062,1178,1208,1232,1257,1264,1278,1358,1419,1574,1596,1647,1785,1889,1898,1948,1954,1964,1996,2024,2072,2089,2143,2211,2212,2233,2279,2281,2401,2406,2472,2483,2544,2573,2575,2639,2668,2706,2931,2994,2995,3094,3096,3169,3271,3451,3462,3481,3522,3540,3677,3810,3820,3836,4023,4048,4097,4104,4121,4143,4147,4171,4192,4206,4250,4381,4444,4459,4462,4465,4574,4650,4698,4717,4835,4847,4929,5414,5434,5457,5671,5963,6062,6107,6212,6214,6232,7244,7887,8408,8540,8542,8667
21	19,36,38,43,47,48,58,60,62,84,91,110,118,134,187,242,286,401,560,615,831,991,1433,1545,2376,6020,10635
22	15,42,66,97,175,189,197,204,325,347,383,393,405,428,550,589,632,699,791,815,959,1254,1464,1874,1896,1981,2059,2111,3035,4383
23	14,29,30,33,46,80,92,135,387,1150,1727,2760,3032
24	226,415,439,454,516,581,599,706,714,719,722,749,764,821,840,844,869,902,927,938,943,955,957,982,984,1047,1050,1079,1135,1154,1161,1166,1172,1184,1199,1210,1217,1218,1227,1265,1292,1513,1527,1544,1548,1589,1642,1787,1846,1881,1956,1978,1979,2012,2153,2318,2358,2445,2553,2599,2677,2746,2764,2781,2790,2794,2803,2992,3046,3076,3077,3147,3519,3556,3653,3658,3675,3699,3733,3898,3921,4281,4606,5012,5046,5166,5242,5406,5687,5729,6179,6285,6294,6613,7289,7304,7499,7569,7678,7885,8042,8161,8705,8895,9060,9238,9495,9837,10294,10469,10762,10879,11553,11672,12045,13829,13942,15427,15493,17794,24124,24665,25554
25	147
26	53,63,81,132,137,160,163,202,213,276,293,336,390,397,434,447,476,505,555,590,592,597,640,672,703,728,731,752,839,849,879,941,1072,1078,1297,1313,1338,1502,1520,1572,1601,1707,2018,2446,2541,2708,3119,3350,3501,4343,4691,5212,5270,5672,7170,7264,7793,8998,9589,13016,13157,13192
27	88,123,151,190,217,219,256,263,277,284,353,427,462,504,541,588,596,612,631,711,765,798,817,963,978,985,1011,1038,1067,1095,1115,1188,1211,1220,1316,1359,1367,1384,1407,1446,1474,1476,1481,1524,1630,1634,1652,1724,1796,1801,1873,1908,1934,1961,2036,2043,2067,2117,2130,2187,2282,2308,2361,2391,2464,2555,2608,2754,2802,2947,3025,3103,3149,3190,3426,3469,3759,3831,4141,4142,4235,4323,4572,4798,5164,5172,5425,7265,7329,9217,9849,12805,13069,16434,18102,24043,24489,31372
28	364,382,618,682,713,735,746,768,780,786,828,882,895,928,990,1140,1272,1308,1322,1349,1376,1391,1410,1511,1517,1530,1566,1666,1712,1728,1799,1882,1885,1888,1906,1923,1925,1975,2046,2050,2069,2116,2128,2156,2309,2368,2420,2462,2534,2603,2859,2875,2888,3092,3145,3800,3860,3863,3901,3906,3965,4308,4379,4398,4423,4450,4669,4703,4843,4896,4912,4996,5092,5231,5544,5681,5721,5961,6017,6147,6367,6739,6758,7059,7245,7779,8208,8437,8894,10364,11392,12425,13124
29	129,180,211,312,340,360,369,410,421,451,453,552,582,627,692,694,696,788,806,889,900,1001,1030,1055,1076,1081,1190,1268,1339,1352,1412,1445,1597,1632,1646,1675,1715,1730,1731,1734,1779,1814,1833,1855,1869,1963,2084,2138,2179,2201,2243,2286,2371,2403,2404,2421,2442,2481,2496,2497,2560,2605,2619,2659,2726,2736,2753,2834,2882,2964,3042,3072,3168,3302,3375,3382,3385,3512,3560,3603,3606,3768,3911,4057,4128,4145,4309,4427,4566,4665,4706,4816,4963,5050,5245,5266,5329,5441,5540,5571,5716,5728,5813,5825,5921,5962,5970,5971,6110,6301,6516,6819,7057,7173,7325,7563,7731,7861,8245,8277,8512,8637,8759,9263,9318,9335,9725,9917,10483,10603,10645,10962,11283,11358,11403,11795,12411,13332,13478,14023,14091,14175,14176,14511,14702,15207,15218,16744,17109,17246,17408,17556,19025,19464,19697,20235,20631,20641,20928,22346,25687,29871
30	512,1340,1346,1379,1454,1495,1576,1580,1810,1990,2185,2221,2241,2256,2334,2435,2662,2669,2687,2880,2923,2938,3001,3016,3020,3045,3063,3089,3109,3139,3164,3183,3346,3390,3456,3557,3589,3614,3630,3657,3676,3701,3714,3793,3903,3944,3947,3973,4090,4116,4124,4199,4289,4303,4320,4349,4407,4451,4455,4505,4554,4600,4602,4636,4662,4716,4738,4741,4742,4747,4757,4784,4821,4854,4861,4877,4938,4957,4974,5008,5036,5063,5080,5141,5156,5179,5182,5221,5224,5278,5317,5326,5327,5397,5419,5438,5453,5477,5503,5507,5527,5562,5565,5566,5570,5574,5581,5595,5606,5631,5722,5754,5772,5774,5777,5781,5814,5818,5864,5895,5931,6005,6013,6144,6150,6154,6204,6210,6215,6223,6241,6258,6290,6382,6389,6403,6415,6442,6476,6489,6522,6538,6561,6599,6610,6622,6646,6660,6700,6829,6834,6851,6855,6860,6898,6933,6951,6970,6988,7011,7019,7046,7065,7072,7103,7131,7142,7144,7147,7159,7193,7201,7241,7290,7334,7339,7362,7432,7436,7531,7553,7571,7593,7603,7621,7631,7634,7687,7780,7803,7819,7820,7859,7907,7909,7915,7928,7960,8003,8096,8105,8138,8177,8264,8284,8341,8356,8360,8417,8448,8455,8489,8515,8519,8583,8632,8653,8684,8706,8785,8840,8871,8906,8972,8978,9107,9135,9168,9176,9276,9298,9383,9414,9427,9434,9470,9483,9502,9520,9529,9593,9612,9618,9630,9704,9714,9762,9776,9812,9827,9901,9926,9949,9956,9999,10013,10024,10026,10030,10067,10075,10090,10120,10169,10176,10180,10192,10250,10271,10290,10300,10326,10342,10363,10379,10388,10392,10431,10452,10509,10537,10575,10585,10595,10624,10628,10641,10653,10670,10690,10757,10765,10769,10792,10831,10832,10857,10894,10950,10968,10980,10984,11008,11025,11054,11081,11102,11103,11127,11135,11163,11184,11310,11313,11322,11327,11383,11390,11434,11451,11452,11464,11484,11533,11570,11595,11616,11665,11717,11829,11868,11882,11897,11918,11943,11952,11965,11975,11984,11985,12021,12083,12102,12108,12165,12187,12218,12229,12232,12275,12313,12374,12410,12504,12517,12554,12559,12574,12602,12645,12689,12729,12789,12884,12885,12905,12922,12979,12988,12993,13037,13039,13043,13143,13168,13215,13256,13267,13288,13397,13415,13556,13711,13833,13921,13931,13943,13960,14025,14040,14074,14118,14151,14174,14178,14220,14278,14283,14292,14296,14330,14384,14409,14427,14447,14448,14488,14644,14669,14676,14682,14709,14727,14729,14752,14782,14791,14802,14835,14868,14897,14949,14951,15005,15034,15041,15049,15056,15059,15100,15120,15132,15157,15232,15277,15301,15347,15391,15395,15398,15442,15460,15478,15498,15506,15556,15570,15587,15595,15600,15618,15643,15752,15783,15835,15843,15857,15890,15991,16004,16021,16025,16043,16143,16146,16205,16214,16265,16269,16314,16386,16436,16439,16491,16496,16616,16625,16662,16671,16676,16693,16723,16748,16750,16864,16873,16940,16960,16997,17032,17105,17144,17171,17187,17192,17214,17253,17259,17336,17371,17424,17582,17651,17797,17807,17855,17875,17912,17916,17947,18017,18063,18082,18104,18149,18176,18177,18260,18261,18279,18293,18318,18382,18472,18531,18580,18622,18662,18693,18778,18793,18801,18847,18895,19011,19017,19043,19071,19072,19082,19094,19132,19149,19152,19159,19165,19206,19207,19391,19409,19509,19626,19642,19645,19661,19744,19802,19845,19886,19922,19982,20117,20160,20184,20224,20389,20431,20432,20513,20531,20655,20659,20686,20783,20787,20795,20843,20877,20896,21027,21066,21083,21096,21108,21202,21305,21551,21564,21569,21609,21663,21754,21873,21876,21900,21913,21959,21983,21991,22196,22242,22256,22260,22308,22321,22356,22373,22435,22475,22555,22658,22742,22748,22808,22833,22836,22858,22886,22936,22970,22978,23060,23072,23108,23158,23182,23199,23203,23222,23254,23258,23495,23532,23577,23602,23653,23676,23749,23807,23810,23937,23943,23961,23968,24018,24031,24122,24220,24225,24270,24276,24277,24297,24512,24655,24727,24855,24979,25079,25116,25164,25224,25276,25359,25398,25415,25470,25498,25501,25587,25610,25680,25721,25758,25778,25864,25893,25903,25960,26093,26263,26274,26372,26382,26429,26459,26511,26557,26709,26831,26935,26995,27063,27085,27222,27242,27259,27367,27383,27411,27426,27434,27576,27670,27719,27736,27833,28007,28009,28025,28109,28128,28194,28232,28297,28369,28486,28698,28704,28840,28867,28888,28915,29263,29338,29349,29456,29469,29583,29597,29771,29826,29842,29927,29928,29970,30000,30061,30103,30132,30183,30299,30304,30363,30399,30433,30570,30631,30674,30677,30758,30870,30989,30998,31006,31077,31241,31268,31269,31303,31379,31501,31520,31537,31592,31611,31717,31786,31849,31895,31960,31999,32034,32087,32193,32259,32319,32527,32616,32631,32649,32726,32727,32748,32766,32788,32816,32820,32912,32994,33025,33059,33074,33085,33089,33091,33267,33324,33361,33420,33503,33571,33663,33896,33900,34042,34085,34098,34176,34210,34309,34399,34450,34464,34635,34742,34919,34921,34934,34985,35049,35067,35174,35175,35215,35262,35266,35279,35738,35844,35936,35996,36043,36088,36234,36264,36285,36298,36317,36491,36798,36839,36857,36952,37074,37216,37247,37359,37389,37425,37584,37596,37600,37624,37634,37671,37705,37757,37771,37852,37862,38156,38214,38308,38334,38476,38518,38586,38657,38681,38853,38915,39103,39125,39277,39476,39589,39594,39645,39647,39685,39789,39891,39940,40087,40132,40397,40464,40470,40515,40569,40581,40728,40761,40800,40899,40901,40955,41051,41052,41174,41175,41182,41246,41352,41456,42344,42367,42446,42451,42579,42589,42639,42687,42698,42706,42776,42955,42956,43008,43044,43296,43388,43391,43681,43773,43920,43946,44165,44244,44291,44378,44387,44588,44789,44859,44878,45087,45496,45650,46035,46346,46532,46586,46594,46740,46816,46980,47060,47141,47151,47186,47187,47378,47410,47464,47599,47910,47981,48159,48265,48564,48627,48744,48851,49143,49207,49211,49275,49310,49391,49435,49744,49779,49840,49854,49871,50077,50171,50318,50362,50442,50551,50637,50718,50764,50969,51146,51270,51645,51746,51833,51847,51888,51944,51999,52142,52182,52212,52228,52276,52307,52335,52432,52501,52534,52647
31	200,295,308,341,436,466,572,624,674,818,951,1013,1014,1085,1179,1226,1240,1255,1277,1280,1314,1315,1370,1432,1518,1523,1569,1593,1637,1660,1677,1686,1692,1733,1751,1758,1767,1825,2100,2129,2437,2489,2515,2785,2806,2807,2847,2854,2951,3040,3099,3192,3243,3252,3258,3266,3299,3341,3392,3460,3479,3490,3618,3662,3689,3739,3787,3855,3892,3980,3999,4187,4243,4246,4338,4401,4418,4529,4686,4864,4917,5044,5074,5102,5189,5227,5237,5284,5293,5296,5395,5445,5456,5569,5587,5612,5649,5806,5946,6084,6123,6247,6496,6541,6626,6627,6713,6722,6760,6772,6934,6981,7005,7157,7242,7268,7474,7522,7663,7775,7784,8058,8300,8389,8452,8463,8676,8709,8936,9137,9158,9316,9365,9833,9935,10053,10111,10165,10535,10619,10642,10849,10858,10875,11000,11051,11062,11239,11435,11590,11613,11648,11941,12522,12778,12954,13030,13118,13148,13205,13441,13542,13675,13828,13852,14650,14711,14829,14849,15126,15135,15305,15359,15415,15765,16003,16602,16612,16729,16739,17136,17292,17349,17747,17813,17871,17971,18731,18812,18861,18948,18954,19001,19100,19393,19396,19601,19753,20872,20875,21453,22032,22273,22784,23123,23190,23842,24497,24510,24532,26220,26317,27352,27793,28317,30432,31363,31796,31805,31957,32815,36163,36166,36608,37069,37379,40043,40658,41847,42106,42359,45104,50366,51507
32	235,311,379,380,406,433,455,471,502,526,543,611,671,734,813,850,909,916,999,1025,1045,1125,1238,1296,1368,1404,1486,1558,1598,1659,1667,1688,1702,1710,1793,1819,1850,1887,1917,1982,2032,2080,2103,2175,2215,2231,2262,2270,2345,2388,2394,2448,2475,2517,2630,2658,2664,2846,2946,2957,2986,3048,3098,3108,3206,3237,3487,3569,3600,3624,3643,3811,4268,4283,4373,4392,4431,4484,4509,4676,4689,4759,4771,4979,5045,5059,5069,5078,5276,5369,5421,5431,5592,5609,5628,5863,5886,5900,5934,5951,5952,6122,6160,6217,6329,6366,6544,6604,6620,6742,7048,7350,7645,7782,7864,8095,8111,8320,8329,8476,8552,8574,8627,9184,9210,9269,9444,9462,9583,9726,10003,10069,10103,11134,11345,11652,11685,11817,12582,12640,13189,13312,14009,14698,14898,15761,15845,16033,17461,17501,17789,17819,17926,18533,19774,20220,20906,21751,22374,22434,22539,22897,23768,24951,48298
33	182
34	701,785,1077,1126,1413,1473,1500,1749,1754,1837,1843,1937,2350,2386,2416,2459,2490,2567,2597,2601,2617,2692,2762,2825,2852,2953,3012,3044,3133,3135,3162,3223,3244,3267,3276,3279,3298,3307,3340,3342,3349,3367,3383,3406,3467,3574,3602,3646,3740,3758,3773,3779,3887,3969,4062,4070,4157,4215,4337,4348,4399,4414,4547,4591,4708,4801,4824,4830,4834,4848,4942,4958,4973,5075,5096,5126,5157,5282,5357,5358,5360,5442,5488,5523,5616,5682,5719,5732,5759,5767,5840,5850,5939,5944,5959,6058,6203,6224,6234,6316,6326,6397,6399,6420,6470,6488,6531,6549,6560,6640,6647,6685,6906,7073,7101,7187,7190,7295,7354,7355,7361,7423,7526,7542,7546,7654,7670,7677,7763,7805,7845,7945,7986,8124,8167,8203,8252,8340,8506,8533,8575,8613,8617,8634,8681,8727,8855,8945,9016,9020,9175,9227,9302,9391,9468,9521,9553,9629,9682,9724,9765,9843,9916,9947,9952,10040,10087,10122,10124,10178,10181,10391,10414,10438,10543,10794,10924,10939,11016,11043,11468,11474,11500,11547,11583,11598,11639,11845,11887,11926,11988,11998,12096,12228,12334,12519,12570,12580,12631,12703,12772,12924,12926,12952,13146,13212,13376,13386,13424,13456,13677,13688,13735,13752,13802,13877,13905,13932,14131,14395,14594,14659,14688,15124,15173,15276,15389,15403,15439,15465,15485,15525,15551,15687,15791,15822,15886,15902,16230,16243,16447,16512,16537,16539,16636,16639,16721,16910,17062,17206,17225,17297,17389,17416,17565,17594,17732,17749,17801,17944,18252,18288,18394,18423,18434,18460,18464,18886,18906,19189,19265,19343,19351,19364,19458,19632,19898,20035,20217,20394,20415,20838,20863,20891,20925,21378,21379,21383,21523,21607,22019,22068,22645,22775,22847,22901,23003,23175,23390,23626,23641,23739,23775,24008,24104,24288,24473,24686,25569,25766,25833,25838,26050,26246,26251,26307,26478,27189,27235,27427,27464,27803,27999,28012,28168,28373,28662,28785,29103,29341,29388,29500,29507,29651,30004,30915,31361,31374,31891,31931,32219,32737,32868,33221,33310,34280,34310,34421,34448,34774,35084,35137,35200,35536,35599,36205,37224,37792,38223,38431,38497,38775,39413,39780,40009,40167,40273,40309,40422,40798,42622,43589,43996,44256,45554,46367,46535,46924,46991,47214,47960,48261,48501,49099,49244,50363,50385,50489,51631,51849,52546
35	56,139,161,223,318,337,356,458,486,499,500,608,772,784,790,897,965,1006,1060,1100,1242,1333,1708,1737,1820,1957,2177,2398,2433,2583,2602,2815,2855,2905,2928,3057,3074,3249,3285,3388,3502,3516,3770,4050,4287,4820,5118,5331,5506,5859,6273,6671,7222,8426,8459,8490,9961,10260,13173,17167
36	51,59,122,124,156,170,171,243,388,400,426,492,527,540,789,861,970,989,1065,1112,1290,1341,1624,1640,1653,1745,1764,2897,3153,3330,3732,4040,6370,8505,8802,9280,15147
37	362,461,559,653,666,716,750,797,962,1005,1106,1120,1122,1139,1160,1309,1325,1365,1471,1479,1521,1533,1567,1700,1791,1859,1922,1950,1976,2035,2155,2173,2208,2224,2271,2302,2375,2400,2417,2432,2477,2512,2548,2566,2646,2686,2699,2741,2767,2789,2814,2873,2876,2909,2925,2966,2997,3019,3086,3129,3171,3177,3186,3202,3217,3300,3400,3616,3628,3652,3756,3775,3828,3865,3926,3934,4164,4166,4207,4226,4227,4232,4324,4347,4376,4489,4594,4595,4598,4609,4613,4621,4731,4965,4966,5027,5034,5053,5133,5153,5160,5195,5240,5288,5300,5307,5466,5530,5763,5805,6026,6097,6189,6255,6701,6743,6847,6912,6958,7240,7672,7740,7844,7869,7898,7989,8123,8381,8526,8750,8798,8880,8885,8946,9013,9070,9190,9223,9388,9398,9512,9652,9730,9989,10143,10147,10279,10413,10966,11301,11487,11870,12389,12421,13623,13694,14961,15651,15757,16398,16672,17359,17772,18210,22906,23569,25150,25806,25862,26174,26330,26616,28211,28943,29089,29264,29276,29724,29890,30808,32455,36381,37463,38955,41824,42895,46548,47840,50757,50926
38	303,475,501,507,509,776,814,961,996,1033,1191,1332,1418,1424,1427,1429,1467,1552,1662,1670,1755,1919,1931,1946,2033,2056,2120,2148,2149,2237,2278,2355,2586,2620,2637,2651,2670,2756,2758,2775,2801,2805,2813,2826,2874,2935,2989,3050,3069,3101,3205,3214,3215,3373,3399,3404,3408,3420,3495,3554,3611,3717,3722,3724,3783,3798,3838,3895,3916,3949,3977,4031,4140,4473,4588,4667,4748,5082,5091,5193,5222,5268,5312,5525,5563,5643,5702,5778,5791,5986,5987,6008,6095,6117,6125,6130,6162,6225,6236,6351,6357,6372,6400,6611,6634,6689,6764,6784,7050,7053,7086,7090,7111,7195,7273,7324,7385,7495,7516,7813,7840,7944,7954,8396,8561,9202,9209,9262,9275,9488,9586,9800,9855,9888,9907,9944,10183,10217,10976,11085,11306,11431,11710,11914,11970,12198,12365,12499,12666,13851,14244,14493,14841,14907,15605,15772,16346,16440,16555,19441,20932,21087,21664,25961,29372
39	929,948,1024,1059,1129,1171,1546,1609,1614,1629,1685,1840,1883,1943,2030,2151,2354,2364,2393,2457,2524,2627,2685,2723,2777,2810,2858,3006,3049,3081,3218,3328,3335,3338,3389,3397,3453,3480,3525,3592,3808,3884,3909,3927,3931,3937,3945,3963,3996,4037,4054,4113,4228,4267,4318,4374,4388,4413,4454,4514,4519,4557,4559,4677,4678,4695,4723,4755,4796,4805,4870,4874,4906,4934,5000,5039,5065,5123,5159,5196,5230,5256,5280,5321,5404,5556,5593,5605,5625,5674,5707,5743,5753,5768,5816,5819,5821,5852,5891,6051,6092,6104,6139,6163,6170,6198,6222,6248,6292,6323,6324,6339,6384,6401,6407,6485,6498,6658,6666,6765,6796,6921,6929,6944,6979,6986,7063,7118,7146,7177,7188,7191,7234,7327,7399,7400,7450,7479,7481,7581,7590,7597,7693,7753,7754,7758,7817,7825,7955,7979,8011,8091,8128,8187,8230,8292,8361,8406,8514,8518,8577,8587,8594,8606,8710,8779,8783,8803,8951,8952,8974,8995,8997,9008,9076,9085,9142,9179,9204,9282,9306,9311,9487,9545,9552,9578,9639,9680,9754,9763,9769,9772,9795,9831,9899,9909,9980,9988,9990,10008,10017,10152,10346,10436,10521,10526,10529,10576,10588,10604,10612,10616,10617,10677,10853,10917,10923,11319,11402,11420,11422,11499,11667,11693,11820,11850,11856,11956,12014,12048,12213,12237,12280,12309,12381,12447,12496,12524,12609,12674,12700,12710,12752,12756,12835,12852,12862,13017,13050,13129,13201,13298,13313,13508,13587,13604,13691,13835,13985,14101,14238,14349,14350,14434,14441,14442,14552,14592,14595,14671,14719,14784,14837,14930,15110,15118,15385,15655,15660,15691,15702,15754,15956,16026,16055,16271,16486,16548,16611,16675,16677,16706,16783,16862,17015,17022,17112,17221,17287,17315,17331,17467,17669,17985,18000,18026,18075,18093,18155,18209,18624,18761,18762,18796,19238,19255,19403,19478,19494,19515,19835,20132,20161,20214,20218,20331,20391,20421,20546,20684,20741,20860,20874,21210,21234,21281,21553,21570,21603,22041,22060,22187,22189,22351,22427,22635,23309,23406,23462,23594,23618,23622,23823,23958,23986,24041,24324,24352,24528,24789,24850,24935,24982,25065,25076,25377,25457,25654,25660,25748,26078,26374,26578,26854,27078,28223,28256,28421,28538,28583,28789,28804,28832,28955,29182,29254,29455,29555,30276,30358,30876,31065,31243,31301,31325,32642,32998,33064,33872,34161,34289,34434,34923,35329,35394,36695,37123,37530,37848,38189,38398,38589,38726,38741,40254,40456,40737,41018,42202,43513,43644,44106,44464,44902,46217,46322,46550,46748,47986,48471,50946,52396,52467
40	314,566,921,964,1020,1048,1197,1304,1371,1388,1420,1450,1465,1506,1604,1606,1792,1830,1831,1860,1907,1910,1924,1994,2016,2074,2272,2273,2303,2392,2689,2780,2812,2843,2849,2892,2893,2902,2970,3010,3115,3196,3270,3291,3312,3317,3324,3436,3452,3489,3524,3566,3579,3639,3644,3645,3655,3666,3683,3731,3778,3850,4017,4098,4151,4162,4231,4241,4280,4319,4329,4357,4470,4548,4579,4597,4601,4649,4809,4872,4888,4948,5042,5084,5109,5198,5207,5243,5285,5302,5347,5465,5473,5512,5538,5598,5644,5654,5666,5756,5888,5955,5990,6046,6103,6115,6207,6267,6510,6567,6578,6624,6723,6748,6804,6807,6871,6919,7230,7337,7393,7496,7508,7617,7635,7726,7748,7889,8028,8084,8265,8334,8413,8582,8658,8746,8764,8781,8886,8912,9113,9180,9201,9212,9309,9411,9465,9485,9560,9601,9625,10057,10068,10378,10525,10569,10626,10749,11529,11605,11800,11925,12046,12103,12169,12474,12478,12548,12690,12764,12807,12854,13188,13193,13283,13363,13443,13469,13731,13785,13870,13934,14022,14198,14222,14268,14335,14380,14582,14753,14833,14982,15055,15429,15455,15753,15811,16052,16134,16178,16263,16530,16610,16615,16877,17825,18244,18384,18395,18555,18612,19012,19084,19380,19482,19483,19615,19720,19770,19854,19935,20650,21172,21328,21928,22279,22310,22856,22870,22907,23362,23841,24521,24894,27425,27949,28287,29154,31658,31970,33534,34528,39881,39973,40245,40578,41772,44265,46028,47468,49761,50560,52479
41	689,740,1088,1108,1175,1245,1262,1269,1385,1456,1497,1578,1579,1678,1706,1723,1742,1763,1771,1863,1897,1900,1953,2027,2028,2093,2110,2115,2321,2328,2424,2484,2501,2516,2522,2535,2598,2613,2707,2717,2735,2750,2763,2788,2899,2920,2977,3062,3156,3170,3184,3199,3201,3221,3229,3272,3316,3329,3405,3438,3484,3493,3513,3539,3552,3578,3604,3605,3648,3679,3695,3743,3861,3929,3943,3964,3979,3982,3994,4000,4002,4085,4160,4194,4269,4345,4437,4445,4622,4718,4845,4858,4891,4892,4893,4928,4936,4962,5202,5262,5478,5541,5576,5597,5641,5656,5703,5746,5800,5832,5853,5938,5995,6096,6352,6358,6447,6589,6651,6680,6697,6724,6741,6778,6809,6825,6914,6941,6956,7013,7021,7318,7335,7373,7401,7435,7456,7457,7515,7613,7622,7623,7703,7744,7897,7973,8050,8194,8247,8259,8425,8615,8780,8850,8959,9045,9195,9206,9307,9321,9396,9541,9784,10082,10156,10201,10274,10307,10440,10549,10597,10599,10673,10756,10870,10946,10982,11046,11101,11485,11627,11678,11834,12182,12215,12590,12642,13080,13353,13395,14065,14291,14420,14431,14451,14527,14606,14660,14890,15440,15530,15582,15666,15692,15816,15968,16045,16349,16374,16656,17026,17162,17899,18049,18101,18158,18593,19656,19691,19910,20880,21018,21462,21950,22318,23375,23793,23970,24177,24355,24736,24962,25059,25316,25711,26083,26240,26898,27479,27663,27800,28910,28997,29333,29459,30375,31588,34368,34492,34735,36056,37498,40152,42665,43483,44375,46785
42	224,389,407,442,503,698,762,887,892,975,1002,1260,1289,1310,1437,1463,1674,1698,1808,1942,1952,2026,2042,2061,2169,2257,2275,2372,2409,2507,2585,2679,2968,3131,3154,3204,3226,3360,3370,3422,3449,3623,3705,3709,3713,3741,3761,3848,3889,3896,3939,3976,4018,4038,4060,4175,4305,4342,4346,4377,4469,4507,4687,4868,4909,4939,5169,5216,5292,5355,5374,5437,5463,5557,5603,5618,5619,5626,5664,5698,5738,5957,6004,6070,6383,6509,6519,6587,6774,6881,6889,6892,6899,6953,7014,7167,7577,7626,7718,7792,7851,7919,7993,8205,8376,8399,8402,8461,8595,8722,8852,8876,8889,8949,9177,9231,9249,9291,9387,9510,9871,11143,11250,11274,11280,11395,11996,12428,12556,12692,13130,13408,13808,14143,14408,14566,14624,14672,14865,15122,15945,16286,16293,16899,16925,17554,17901,18386,18725,19747,21034,22047,22736,22814,22938,23948,24217,24509,24602,26049,27637,32129,32342,33052,33999,40764,41093,41585
43	604,1295,1886,2518,2591,2779,2791,2898,2940,3053,3130,3166,3290,3362,3378,3432,3485,3555,3559,3588,3622,3703,3834,3849,3858,3881,3930,4045,4099,4131,4182,4417,4476,4497,4502,4521,4526,4541,4556,4596,4714,4780,4791,4792,4931,4943,4990,5071,5186,5247,5283,5305,5330,5343,5458,5468,5474,5516,5599,5602,5613,5673,5715,5783,5787,5788,5802,5824,5837,5842,6021,6023,6027,6044,6048,6093,6146,6148,6151,6206,6228,6276,6280,6457,6526,6550,6639,6645,6648,6691,6786,6817,6841,6857,6870,6947,6998,7171,7196,7243,7336,7349,7384,7494,7505,7510,7636,7648,7651,7728,7809,7821,7880,7924,7935,7938,7940,7970,8033,8051,8130,8131,8144,8175,8354,8427,8535,8558,8616,8639,8655,8701,8708,8717,8808,8877,8896,8944,8965,9005,9019,9035,9039,9073,9154,9166,9193,9248,9264,9323,9341,9441,9452,9480,9496,9547,9550,9609,9752,9764,9818,9931,9958,9966,10061,10063,10113,10155,10173,10197,10218,10255,10325,10451,10481,10517,10676,10745,10797,10914,11029,11041,11086,11183,11197,11217,11360,11626,11700,11721,11775,11793,11837,12022,12033,12109,12113,12281,12395,12479,12616,12734,12770,12790,12796,12901,12920,12964,12991,13024,13108,13271,13339,13452,13481,13504,13646,13710,13718,13909,14034,14116,14140,14146,14183,14328,14343,14345,14364,14405,14545,14617,14648,14661,14779,14796,14804,14927,15029,15345,15444,15491,15580,15607,15701,15938,16075,16159,16300,16402,16713,17000,17006,17017,17020,17129,17264,17420,17449,17768,18043,18376,18465,18544,18727,18737,18751,18850,19024,19162,19572,19703,20011,20159,20201,20368,20393,20598,20621,20632,20691,20798,20901,21032,21197,21419,21546,21745,21776,21892,21973,22023,22027,22083,22353,22389,22646,22815,22832,22975,23299,23346,23683,23727,23922,23931,23997,24195,24236,24582,24716,24768,24906,25403,25541,25630,25649,26297,26525,26564,27052,27171,27329,27565,27615,27638,28142,28149,28616,28621,28738,28742,28802,28858,29138,29690,29988,30130,30193,30393,30624,30647,30784,30847,30864,31045,31418,32283,32735,32821,33329,33359,33411,34935,35079,35656,35693,35705,36041,36401,36625,36667,36763,37085,37487,37889,37891,38573,38608,38752,39395,39424,40066,40742,41121,41324,41385,41590,42186,42228,42281,42416,42487,43482,43756,44462,45102,45519,45651,46050,47646,49264,50938,51371,51608,52909
44	1852,2039,2094,2140,2351,2860,3013,3036,3039,3265,3274,3313,3587,3593,3673,3678,3843,3874,3894,3970,4041,4092,4144,4172,4272,4339,4394,4495,4590,4635,4685,4702,4709,4751,4789,4811,4813,4829,5003,5051,5085,5148,5158,5342,5400,5415,5451,5546,5561,5615,5662,5709,5803,5875,5992,6142,6158,6186,6230,6417,6427,6439,6448,6458,6492,6500,6513,6551,6609,6738,6771,6896,6975,7024,7077,7116,7134,7136,7212,7220,7231,7358,7434,7503,7538,7560,7638,7679,7762,7884,7958,7967,8002,8006,8041,8044,8082,8113,8171,8210,8221,8235,8261,8262,8382,8391,8419,8477,8537,8630,8736,8784,8831,8851,8983,9027,9046,9088,9145,9233,9244,9283,9342,9357,9361,9380,9453,9476,9506,9516,9546,9577,9605,9641,9693,9825,9879,9910,10038,10204,10226,10266,10287,10302,10329,10357,10372,10546,10554,10610,10721,10766,10795,10948,10949,10958,10988,11115,11116,11131,11137,11141,11342,11416,11481,11540,11578,11686,11688,11703,11804,11853,11881,11967,12076,12115,12138,12216,12235,12242,12248,12307,12364,12399,12482,12535,12541,12566,12624,12643,12651,12668,12676,12827,12832,12853,13020,13036,13054,13067,13102,13402,13428,13557,13653,13660,13676,13749,13844,13875,13913,13917,14142,14215,14250,14317,14359,14439,14440,14450,14490,14651,14685,14805,14901,14910,14942,14962,15045,15083,15374,15390,15394,15399,15404,15407,15409,15434,15441,15449,15573,15584,15613,15768,15825,15903,15905,16046,16089,16301,16392,16623,16640,16761,16807,16896,16900,16913,17082,17095,17222,17386,17430,17525,17577,17587,17678,17739,17745,17777,18100,18121,18144,18286,18369,18442,18486,18506,18776,18876,18914,19091,19217,19340,19398,19428,19446,19450,19710,19808,19851,19900,19947,19957,20021,20109,20259,20384,20528,20619,20653,20674,20739,20754,20782,21012,21051,21082,21119,21182,21273,21344,21375,21698,21842,21953,21966,22056,22193,22259,22468,22520,22563,22652,22690,22830,22854,22914,23225,23298,23383,23571,23788,23972,24001,24056,24096,24311,24459,24468,24522,25074,25080,25092,25190,25445,25549,25552,25752,25898,26123,26124,26157,26213,26247,26401,26447,26670,26682,26752,26757,26819,26880,27523,27664,28004,28029,28031,28043,28152,28195,28249,28388,28587,28674,28750,28833,28846,28896,29164,29173,29284,29631,29720,30042,30409,30421,30588,30669,31067,31608,31912,32246,32256,32356,33953,34239,34276,34482,34733,35568,36408,36834,36865,37232,37278,37768,38070,38083,38157,38171,38392,38394,38833,38904,39158,39204,41488,41634,41715,41716,42064,42184,42357,42862,43173,43891,43961,44223,44353,44605,44647,44749,44830,44970,45748,45853,47267,48340,48500,50182,51465,52314,52346,52356,52881
45	1185,1551,2099
46	227,1102,1343,1534,1655,1817,1872,1879,1884,1933,2031,2041,2265,2428,2434,2556,2580,2700,2823,2900,2975,3005,3088,3124,3160,3211,3327,3348,3387,3509,3570,3633,3698,3788,3915,3925,4032,4185,4493,4575,4620,4707,4721,4729,4790,4894,4955,5017,5043,5076,5146,5225,5234,5324,5363,5469,5524,5629,5780,5786,5807,5865,5911,6090,6219,6514,6517,6548,6595,6664,6763,6842,6872,6885,6900,7020,7071,7210,7276,7300,7348,7458,7464,7507,7533,7544,7641,7680,7745,7787,7936,7949,7957,8109,8250,8254,8306,8330,8349,8462,8554,8565,8572,8765,8883,8902,8953,8963,8970,8994,9023,9084,9136,9162,9178,9472,9576,9650,9705,9720,9749,9891,9922,9937,9972,9995,10011,10315,10353,10368,10380,10475,10504,10539,10578,10615,10674,10725,10746,10815,10899,10915,10938,10951,11018,11125,11212,11276,11458,11628,11767,11785,11808,11815,11831,11876,11959,11978,12335,12420,12450,12476,12583,12688,12738,12780,12942,12994,13047,13070,13295,13435,13439,13517,13663,13670,13704,13751,14089,14092,14171,14223,14242,14418,14544,14836,14874,14931,14969,15060,15544,15670,15781,15908,16310,16457,16784,16806,17007,17133,17169,17188,17322,17329,17514,17674,17814,17991,18074,18523,18666,18920,18937,19215,19259,19296,19415,20072,20353,20490,20529,20778,20893,21080,21153,21223,21385,21446,21828,22354,23328,23356,23436,23489,23574,23607,24206,24747,25186,25192,25367,25472,25558,25622,25794,26183,26428,29444,29461,30655,31092,31968,32608,33476
47	2999,3711,3988,4094,4680,4745,4823,4866,5310,5364,5446,5467,5588,5683,5752,5845,5855,5860,5867,6057,6100,6116,6194,6201,6419,6460,6499,6559,6652,6983,7017,7039,7120,7143,7262,7370,7433,7477,7535,7570,7609,7755,7777,7824,7863,7865,7866,7922,8018,8085,8133,8227,8240,8249,8319,8385,8429,8651,8665,8668,8738,8748,8766,8842,8843,8849,8860,8869,8888,9141,9152,9265,9322,9333,9412,9551,9602,9645,9664,9718,9813,9921,9971,10102,10140,10166,10172,10231,10412,10453,10476,10518,10565,10660,10678,10720,10724,10763,10768,10829,10848,11001,11006,11045,11047,11072,11095,11170,11179,11273,11340,11397,11448,11537,11593,11641,11666,11689,11789,11796,11821,11826,11838,11847,11895,11946,12044,12080,12105,12176,12251,12327,12408,12489,12509,12553,12577,12635,12725,12744,12747,12812,12873,12968,13089,13186,13207,13220,13229,13254,13350,13493,13516,13565,13566,13583,13728,13750,13814,14053,14078,14084,14138,14179,14247,14265,14311,14338,14352,14466,14478,14547,14562,14600,14681,14814,14844,14980,15001,15061,15068,15109,15169,15178,15183,15193,15233,15244,15315,15341,15361,15380,15529,15546,15658,15665,15731,15778,15807,15869,15874,15985,16093,16203,16215,16237,16256,16294,16501,16618,16698,16710,16749,16753,16767,16798,16844,16941,17248,17312,17458,17496,17506,17623,17776,17838,17851,17910,17996,18099,18222,18246,18316,18469,18482,18528,18550,18568,18575,18709,18718,18857,18921,19141,19142,19143,19293,19362,19381,19470,19546,19614,19644,19646,19654,19695,19826,19863,19926,19932,19953,19989,20002,20163,20222,20243,20282,20443,20496,20553,20594,20605,20633,20646,20692,20714,20899,20963,21019,21192,21337,21443,21467,21503,21563,21750,21760,21834,21971,22090,22161,22264,22298,22454,22463,22516,22660,22700,22895,23075,23100,23292,23301,23701,23714,23719,23722,23737,23745,23906,23913,24007,24019,24169,24388,24393,24454,24791,24857,24958,24967,25198,25285,25369,25458,25484,25528,25595,25652,25729,25746,25772,25914,25952,26045,26254,26280,26316,26442,26497,26565,26680,26690,26890,26892,27534,27542,27756,28001,28073,28081,28264,28336,28447,28472,28556,28640,28675,28678,28696,29030,29241,29513,29760,29797,29804,29958,29963,30226,30241,30319,30377,30644,30665,30830,30949,31029,31145,31349,31368,31766,31814,31896,32181,32366,32432,32610,32763,33333,33339,33428,33736,33798,33803,33983,34253,34254,34680,34714,34819,34903,34910,34926,34974,35085,35126,35194,35438,35613,35619,35675,35700,35823,36210,36718,36764,36840,37290,38005,38011,38389,38428,38614,38790,38825,38859,38891,38903,38958,39009,39089,39211,39516,39756,39953,40274,40448,40559,40611,40674,40675,40758,41087,41321,41500,41530,41818,42120,42326,42439,42503,42512,42794,42875,42944,43290,43341,43412,43413,43746,44061,44512,44563,44742,44915,45430,45432,45486,45680,45782,46179,46477,46538,46771,47299,47507,47781,47819,47825,47860,48008,48097,48163,48278,48684,49161,49172,49527,49573,49588,50083,50252,50553,50676,51093,51679,51743,51865,51969,52685,52728
48	4730,4971,5140,5265,5290,6296,6429,6436,6607,6703,6838,6913,6994,7254,7398,7566,7580,7801,7987,8315,8345,8364,8685,8878,8882,8955,9094,9155,9172,9218,9254,9257,9272,9507,9603,9606,9687,9690,9716,9801,9811,9828,9857,10036,10072,10228,10280,10312,10321,10361,10370,10428,10478,10484,10629,10652,10658,10693,10761,10767,10791,10937,11133,11502,11555,11677,11736,11765,11931,11948,11957,12149,12159,12160,12175,12209,12234,12293,12363,12416,12429,12436,12471,12630,12786,12847,12875,12900,12912,13061,13116,13151,13176,13242,13348,13362,13369,13407,13465,13484,13485,13501,13609,13610,13625,13662,13665,13866,13871,13910,13930,13969,14079,14090,14134,14135,14275,14290,14304,14341,14368,14416,14436,14465,14537,14551,14627,14756,14893,14922,15022,15072,15179,15249,15262,15309,15342,15351,15364,15417,15423,15636,15661,15685,15741,15795,15844,15846,15865,15871,15912,15982,15983,15999,16086,16149,16224,16241,16306,16367,16419,16427,16479,16544,16647,16705,16727,16763,16847,16874,16969,17025,17047,17061,17186,17191,17250,17252,17258,17274,17395,17434,17445,17474,17507,17666,17670,17750,17770,17784,17798,17808,17821,17836,17883,17907,17960,17995,18003,18106,18115,18189,18234,18268,18319,18336,18363,18418,18430,18459,18510,18519,18540,18548,18584,18591,18625,18729,18733,18758,18768,18800,18831,18884,18917,18927,18933,19033,19080,19083,19114,19154,19196,19208,19239,19496,19575,19630,19752,19785,19814,19820,19827,19830,19833,19899,19992,20051,20058,20087,20241,20252,20275,20330,20337,20579,20584,20603,20685,20701,20791,20809,20847,20890,21057,21085,21125,21132,21204,21321,21322,21341,21342,21388,21423,21457,21475,21488,21497,21544,21596,21646,21714,21733,21769,21773,21806,21941,22034,22058,22112,22132,22143,22154,22238,22336,22368,22418,22425,22494,22571,22593,22608,22664,22713,22725,22734,22757,22792,22805,22863,22877,22945,22961,23120,23134,23196,23333,23371,23402,23432,23456,23474,23491,23492,23497,23522,23563,23568,23667,23677,23740,23755,23763,23800,23822,23839,23889,23917,23993,23999,24029,24089,24123,24143,24166,24179,24241,24265,24291,24314,24328,24429,24456,24469,24513,24562,24595,24697,24708,24773,24796,24797,24812,24828,25125,25248,25293,25309,25338,25340,25341,25413,25440,25442,25471,25511,25529,25561,25714,25828,25970,26084,26106,26112,26140,26142,26154,26197,26214,26230,26231,26284,26299,26310,26342,26530,26631,26718,26772,26872,26874,26888,26980,27002,27045,27261,27280,27354,27378,27395,27404,27493,27539,27548,27701,27713,27746,27850,27857,27873,28089,28126,28184,28209,28221,28225,28390,28405,28492,28527,28603,28617,28658,28854,28856,28935,29019,29048,29260,29356,29502,29540,29658,29836,29993,30005,30090,30098,30155,30158,30210,30297,30311,30410,30582,30625,30821,30947,30985,31001,31013,31066,31094,31107,31224,31233,31292,31339,31446,31555,31563,31587,31693,31715,31752,31788,31855,31897,31966,31973,31985,32007,32038,32050,32196,32261,32308,32607,32621,32722,32768,32916,32961,32985,33081,33230,33258,33343,33468,33500,33583,33600,33664,33679,33715,33735,33756,33771,33874,33894,33934,33946,34082,34086,34091,34141,34323,34432,34470,34530,34548,34576,34641,34655,34785,34815,34864,34953,34979,34990,35005,35015,35059,35110,35348,35351,35400,35489,35565,35607,35631,35706,35715,35718,35758,35788,35824,36084,36257,36690,36811,36844,36879,36975,37013,37063,37175,37274,37307,37308,37352,37431,37620,37653,37670,37733,37763,37839,37974,38296,38368,38386,38446,38532,38590,38700,38992,39141,39190,39221,39223,39238,39265,39384,39389,39487,39529,39693,39714,39830,39848,39875,39877,39978,40018,40031,40040,40044,40077,40082,40203,40327,40381,40657,40841,40898,41119,41132,41153,41217,41268,41308,41312,41389,41539,41543,41776,41811,41815,41973,42083,42112,42221,42239,42298,42317,42335,42528,42613,42845,42894,42932,43051,43232,43240,43317,43496,43573,43575,43648,43835,43932,43938,44080,44083,44138,44153,44162,44175,44188,44286,44396,44398,44439,44746,44804,44846,44860,44861,44867,45089,45247,45270,45299,45300,45344,45458,45495,45507,45565,45624,45648,45658,45682,45703,45793,45839,45868,45974,46044,46082,46128,46223,46275,46310,46602,46625,46994,47124,47235,47246,47293,47305,47306,47329,47358,47439,47591,47655,47687,47697,47711,47753,47828,48029,48111,48237,48286,48347,48890,49001,49034,49241,49265,49341,49381,49654,49852,49858,49965,50059,50459,50500,50533,50557,50601,50635,50709,50962,51016,51242,51439,51556,51613,51637,51664,51669,51761,51956,52107,52198,52298,52520,52556,52568,52604,52633,52900
49	2673,2945,3253,3475,3551,3720,4110,4384,4614,4850,4908,5345,5464,5896,5930,6344,6504,6577,6600,6793,7025,7045,7594,7688,7893,8062,8064,8083,8101,8179,8200,8276,8394,8397,8405,8434,8440,8450,8553,8731,8789,8799,8810,9042,9069,9228,9289,9451,9703,9782,9783,9826,9853,9898,9938,10107,10154,10189,10216,10309,10311,10328,10404,10449,10614,10726,10836,10852,10865,10876,10913,10983,11329,11633,11766,11771,11779,11859,12050,12075,12208,12238,12240,12259,12264,12397,12455,12467,12475,12507,12629,12702,12898,13110,13120,13135,13167,13293,13325,13344,13345,13482,13505,13765,13783,13809,14070,14072,14127,14219,14232,14320,14324,14360,14366,14538,14619,14665,14695,14770,14818,14820,14909,14921,14947,14956,14965,14972,15063,15076,15087,15287,15297,15335,15433,15452,15516,15540,15641,15667,15699,15700,15734,15779,15792,15854,15855,15954,15967,16013,16051,16118,16121,16190,16291,16328,16379,16385,16522,16592,16666,16695,16829,16831,16905,17060,17064,17228,17249,17267,17278,17301,17305,17365,17527,17544,17550,17682,17735,17817,17839,17879,17940,17989,18034,18064,18067,18090,18206,18251,18282,18320,18525,18536,18670,18684,18685,18704,18726,18834,18879,18916,19201,19209,19371,19456,19534,19641,19707,19722,19775,19906,19913,19934,19990,20000,20038,20164,20196,20277,20395,20671,20819,20836,20902,20924,20994,21001,21104,21184,21253,21414,21459,21473,21566,21643,21671,21774,21820,21882,21969,22022,22044,22116,22139,22218,22325,22380,22388,22487,22656,22668,22762,22908,22939,22991,23069,23169,23181,23194,23245,23280,23282,23327,23424,23485,23501,23605,23717,23748,23756,23888,23899,23942,23954,23979,24061,24079,24186,24279,24315,24420,24452,24465,24467,24576,24632,24741,24815,24901,25078,25123,25174,25264,25305,25366,25454,25565,25662,25709,25765,25808,25836,26065,26173,26244,26296,26381,26394,26417,26420,26480,26625,26653,26654,26710,26717,26774,26795,26805,26851,27018,27028,27141,27215,27406,27600,27679,27938,27982,28036,28061,28064,28207,28250,28333,28400,28451,28455,28521,28600,28632,28661,28764,28807,28814,28885,28954,29106,29404,29483,29556,29594,29595,29700,29783,29813,29822,29855,29915,30012,30176,30262,30335,30346,30353,30378,30462,30556,30590,30607,30722,30958,30990,31024,31115,31245,31272,31285,31311,31324,31404,31432,31510,31517,31538,31827,31829,31876,32244,32344,32510,32624,32687,32856,32880,32989,33077,33139,33213,33231,33531,33576,33725,33781,34039,34385,34426,34438,34446,34452,34580,34595,34716,34726,34865,35163,35198,35288,35290,35402,35420,35502,35517,35614,35931,36169,36283,36373,36475,36575,36799,36805,36892,37128,37186,37467,37557,37645,37656,37684,37693,38004,38085,38119,38443,39012,39047,39259,39366,39527,39662,39709,40218,40372,40614,40629,40947,41000,41026,41114,41137,41359,41413,41555,41766,41793,42026,42346,42629,42738,43161,43531,43734,43925,44164,44288,44313,44550,44558,44627,44640,45602,45636,45776,45800,45856,45994,46046,46134,46162,46165,46172,46173,46231,46279,46311,46426,46706,46768,47222,47423,47740,47862,48055,48181,48191,48491,48635,48638,49140,49199,49221,49404,49650,49678,49791,50438,50608,50717,51177,51302,51308,51505,51723,51844,52296,52322,52615,52872
50	153
51	709
52	4435,6310,7009,7087,7156,7415,7438,7997,8442,8981,9681,9807,10001,10421,11023,11048,11118,11234,11288,11364,11386,11432,11467,11523,11585,11621,11727,11883,12140,12252,12329,12714,12834,12881,12921,13056,13063,13077,13177,13258,13330,13347,13380,13425,13515,13588,13594,13716,13824,13842,13896,13972,14057,14085,14161,14173,14177,14200,14233,14306,14550,14587,14590,14714,14800,14954,14998,15012,15107,15121,15213,15247,15307,15387,15414,15437,15470,15513,15663,15703,15782,15826,16023,16047,16192,16332,16582,16585,16708,16743,16845,16961,17041,17044,17045,17054,17065,17141,17158,17229,17237,17451,17532,17548,17549,17606,17774,17795,17850,17903,17968,18007,18107,18118,18119,18152,18290,18458,18484,18488,18543,18634,18712,18720,18795,18848,18852,18975,19037,19045,19074,19151,19182,19198,19283,19309,19427,19444,19590,19629,19631,19648,19664,19667,19704,19725,19933,19938,20105,20138,20213,20240,20265,20276,20378,20419,20475,20488,20596,20720,20834,20876,20883,20959,20971,20997,21021,21022,21076,21148,21265,21395,21476,21485,21515,21557,21779,21815,21851,21865,21887,21920,21943,21949,22040,22043,22099,22119,22120,22209,22245,22316,22329,22376,22379,22382,22398,22421,22477,22498,22523,22735,22780,22789,22823,22913,23066,23093,23105,23154,23230,23322,23329,23521,23555,23576,23617,23624,23699,23856,23946,23965,23984,24051,24152,24170,24181,24243,24251,24263,24283,24294,24347,24360,24413,24461,24529,24564,24759,24760,24787,24800,24859,24870,24871,25073,25108,25249,25257,25288,25307,25402,25447,25453,25526,25588,25615,25661,25876,25906,26089,26098,26169,26195,26346,26349,26363,26479,26489,26604,26613,26632,26695,26713,26821,26822,26849,26858,26889,26922,27059,27151,27195,27232,27253,27377,27644,27819,27827,27870,27960,28032,28058,28166,28222,28500,28569,28608,28636,28690,28765,28876,28934,28941,28946,28962,29022,29088,29146,29240,29259,29288,29292,29304,29336,29441,29520,29589,29590,29650,29664,29675,29728,29743,29834,29937,29975,29989,30049,30099,30159,30164,30221,30258,30379,30543,30574,30654,30686,30748,30869,31152,31218,31288,31397,31499,31648,31724,31764,31777,31840,31848,31859,31946,31969,32061,32062,32124,32140,32175,32177,32213,32267,32343,32420,32422,32430,32483,32857,32885,32887,32947,32972,33005,33017,33051,33143,33368,33454,33457,33477,33482,33550,33577,33584,33593,33723,33836,33867,33871,34043,34074,34112,34166,34403,34657,34779,34820,34821,34872,35066,35142,35474,35490,35503,35520,35555,35570,35578,35612,35653,35686,35728,35741,35783,35960,36099,36106,36178,36212,36249,36390,36412,36451,36460,36518,36615,36712,36730,36820,36915,36930,36932,37020,37021,37199,37257,37376,37454,37466,37518,37597,37631,37726,37785,37821,37857,37930,37968,38071,38154,38270,38290,38336,38385,38415,38460,38509,38531,38564,38892,38954,39075,39134,39322,39362,39449,39465,39539,39587,39622,39711,39752,39755,39771,39828,39905,39990,40057,40072,40145,40269,40278,40390,40398,40542,40556,40575,40639,40689,40727,40751,40832,40874,40942,40969,41033,41045,41164,41167,41215,41328,41340,41356,41368,41453,41504,41598,41730,41860,41955,42089,42113,42173,42193,42242,42312,42426,42508,42513,42618,42641,42717,42807,42866,43042,43162,43236,43262,43279,43322,43371,43383,43419,43558,43586,43670,43850,43957,44109,44292,44295,44327,44482,44715,44768,44775,44855,44899,44931,44968,45120,45165,45179,45224,45320,45323,45339,45416,45708,45730,45749,45837,45889,45914,46068,46194,46230,46333,46461,46485,46497,46608,46875,46950,46973,47110,47156,47173,47229,47399,47438,47546,47653,47730,47739,47751,47770,47930,47965,48084,48280,48349,48616,48978,48991,49086,49268,49378,49395,49601,49668,49753,49792,49973,49985,50085,50094,50192,50242,50276,50301,50370,50523,50574,50645,50722,50756,50838,50894,50997,51062,51112,51166,51215,51225,51268,51380,51385,51404,51492,51534,51550,51557,51577,51628,51750,51753,51869,52050,52099,52199,52200,52316,52521,52531,52565,52753,52782,52821,52871,52907
53	1535
54	7912,8219,8900,9127,9533,9610,10997,11156,11243,11272,11445,11449,11530,11594,11873,11912,12104,12312,12550,12750,13600,13680,13805,13860,13937,14105,14264,14297,14326,14882,14957,14960,15312,15325,15366,15481,15508,15840,15864,15943,16061,16135,16242,16282,16363,16369,16509,16521,16768,16866,17055,17078,17165,17428,17440,17476,17702,17718,17857,18097,18141,18146,18207,18223,18243,18304,18413,18592,18631,18742,18760,18794,18841,19126,19197,19205,19214,19241,19319,19321,19322,19390,19418,19431,19476,19481,19633,19705,19841,19865,19881,19894,20007,20226,20246,20281,20392,20700,20710,20848,21043,21149,21221,21235,21277,21330,21334,21384,21402,21451,21471,21642,21648,21764,21777,21812,21929,22015,22092,22107,22228,22258,22280,22288,22361,22386,22441,22462,22573,22694,23001,23027,23067,23189,23293,23350,23374,23434,23620,23643,23680,23711,23720,23723,23816,23824,23845,23863,23990,24011,24066,24162,24194,24325,24359,24384,24394,24516,24626,24653,24657,24682,24691,24713,24784,24810,24930,24981,25096,25097,25167,25183,25212,25517,25574,25598,25599,25739,25776,25986,26027,26100,26156,26170,26212,26275,26324,26515,26824,26856,26909,26968,27126,27207,27256,27358,27362,27410,27545,27556,27574,27580,27623,27625,27646,27674,27682,27693,27929,27953,27975,28151,28165,28176,28332,28353,28368,28395,28467,28630,28774,28781,28809,28844,28906,29081,29136,29192,29198,29265,29420,29497,29516,29569,29578,29699,29768,29798,29801,29929,30031,30034,30177,30195,30274,30317,30318,30490,30511,30634,30652,30691,30705,30743,30815,30850,30896,30904,31007,31054,31056,31167,31280,31293,31302,31388,31466,31540,31698,31749,31808,32028,32056,32057,32063,32104,32249,32290,32307,32318,32339,32670,32685,32717,32741,33165,33168,33196,33252,33253,33263,33285,33336,33452,33512,33747,33757,33765,33947,33957,34120,34148,34155,34236,34266,34318,34487,34517,34523,34614,34617,34634,34725,34740,34784,34790,34826,34841,34855,34858,34862,34883,34891,35026,35075,35087,35118,35140,35161,35168,35299,35334,35366,35388,35475,35477,35524,35559,35569,35574,35688,35712,35742,35989,35997,36059,36072,36104,36137,36406,36419,36441,36457,36520,36559,36569,36651,36671,36679,37062,37094,37105,37183,37258,37296,37358,37387,37512,37613,37658,37779,37805,37855,37914,37977,38099,38174,38229,38419,38495,38758,38863,38916,38941,38953,39123,39142,39172,39308,39326,39333,39351,39355,39368,39419,39631,39649,39687,39911,39929,39947,40104,40355,40418,40541,40548,40552,40558,40699,40734,40774,40790,40799,40828,40831,40929,40931,40950,40990,41058,41230,41291,41311,41362,41430,41558,41563,41577,41702,41755,41807,41892,41911,41993,42088,42114,42127,42149,42163,42218,42247,42286,42354,42372,42389,42392,42420,42484,42506,42624,42651,42736,42957,43076,43120,43136,43201,43226,43267,43423,43453,43471,43488,43489,43603,43625,43775,43844,43849,43876,44073,44158,44278,44294,44315,44344,44395,44507,44527,44659,44691,44747,44794,44813,45078,45110,45134,45174,45226,45334,45341,45500,45576,45633,45656,45838,45894,45967,45995,46004,46260,46455,46506,46516,46541,46545,46636,46704,46729,46831,46833,46855,46886,46935,47128,47295,47431,47434,47460,47506,47510,47518,47520,47531,47694,47695,47733,47749,47759,47870,47927,48004,48018,48021,48124,48151,48224,48354,48400,48469,48478,48577,48682,48708,48786,48910,48998,49075,49249,49263,49296,49362,49388,49478,49506,49524,49528,49529,49616,49630,49687,49705,49750,49818,49904,49997,50049,50096,50119,50134,50143,50196,50361,50387,50457,50522,50614,50623,50698,50746,50789,50817,50836,50898,50916,51032,51280,51285,51326,51341,51440,51486,51591,51735,51817,51823,51840,51859,51886,51918,52011,52044,52072,52079,52129,52141,52222,52283,52367,52373,52397,52445,52458,52541,52691,52713,52843,52912
55	154
56	1741,2486,2614,3488,3634,4069,4148,4412,4429,4516,4626,4846,5005,5136,5933,6175,6532,6540,6788,7316,7323,7403,7489,7558,7625,7724,7735,7917,7921,8129,8323,8939,9147,9446,9478,9627,9701,10242,10572,10573,10696,10728,11162,11375,11440,11469,12088,12423,12620,12793,13112,13250,13655,13770,13838,13861,14148,14236,14689,14738,14995,15194,15201,15286,15352,15372,15690,15946,16034,16197,16209,16424,16488,16685,16712,16942,17326,17917,18041,18274,18360,18392,18633,18753,18875,18926,19392,19532,19570,19857,19916,20522,20943,21067,21222,21424,21915,22160,22771,22828,23040,23192,23592,24594,25494,25513,25551,25816,26222,26930,27877,27978,28021,28079,28185,28412,29357,29609,29723,30035,30147,30231,30419,30515,30787,30863,31200,31277,31622,32081,32345,32398,32434,33430,33448,33451,33980,34067,34126,34147,34560,34937,35183,35942,35978,36260,36290,36436,36466,36925,38199,38305,38429,39436,40698,41298,41727,43023,44149,45156,45718,45744,47200,47415,47639,48152,48417,48831,48865,48953,49156,49226,50655,50889,51782,52003,52587,52667
57	670
58	168
59	12731,12737,12773,14643,14697,15281,16219,16624,16839,17050,17115,17127,18022,18053,18117,18125,18573,18653,18676,18696,18705,19050,19099,19504,19513,19955,20083,20135,20147,20190,20404,20609,21025,21310,21641,21647,21771,21822,22542,22800,23317,23405,23684,23751,23936,23940,23950,24135,24223,24289,24310,24712,24839,25102,25136,25326,25391,25538,25965,26418,26509,26531,26617,26620,26694,26793,27096,27133,27431,27453,27608,27612,27710,27724,27964,27969,28092,28130,28143,28147,28155,28288,28418,28629,28803,28805,28990,29012,29038,29346,29568,29633,30367,30503,30509,30892,31004,31010,31364,31386,31464,31516,31525,31637,31824,31845,31971,32093,32186,32266,32371,32451,32453,32506,32679,32705,32945,32958,32991,33191,33244,33384,33478,33572,33585,33658,33678,33776,33853,33875,33952,34013,34180,34285,34359,34379,34410,34444,34668,34734,34788,34822,35020,35068,35147,35195,35212,35270,35316,35382,35419,35767,35826,36089,36215,36333,36386,36503,36509,36567,36670,36916,36962,37004,37014,37037,37044,37342,37399,37721,37801,38181,38326,38358,38406,38442,38499,38580,38585,38710,38773,38844,38898,39057,39062,39275,39290,39439,39528,39611,39666,39691,39727,39786,39798,39928,40119,40285,40345,40430,40507,40601,41617,41641,41785,41868,41882,41890,42074,42153,42237,42249,42383,42397,42530,42546,42690,42886,42896,42991,43142,43158,43349,43632,43692,43763,43771,43782,43807,43832,43939,44025,44039,44117,44287,44406,44427,44503,44539,44583,44708,44721,44781,44853,44952,44959,45009,45012,45055,45070,45154,45362,45367,45410,45449,45582,45640,45652,45714,45762,45861,45998,46012,46086,46115,46359,46374,46589,46750,46761,46818,46862,46904,46918,46931,46964,47121,47130,47176,47278,47307,47318,47327,47364,47457,47463,47574,47851,47892,47968,48329,48390,48426,48430,48434,48470,48508,48529,48551,48556,48647,48677,48716,48775,48813,49122,49187,49215,49408,49441,49465,49555,49618,49918,49960,50001,50005,50011,50195,50208,50313,50478,50525,50530,50544,50573,50618,50624,50758,50772,50773,50811,50905,50913,50919,51246,51329,51361,51474,51529,51766,51830,51936,51966,52018,52115,52169,52214,52340,52409,52486,52496,52515,52632,52727,52822,52861,52941,52948
60	2258,2993,12587,15596,18056,20797,37407,39318,44042
61	2251,4808,4862,7662,10547,12842,13314,15009,26114,36717,45721,47360,50848
62	10686,10961,11548,13076,13624,13826,14184,14810,15467,15646,15964,16308,16929,17029,17508,17569,17762,17911,18128,18196,18356,18588,18808,19078,19257,19337,19466,19523,19837,19856,20061,20364,20441,20749,20879,20922,20939,21185,21325,21549,21577,21623,21723,22037,22079,22128,22179,22510,22601,22611,22883,23444,23652,23850,23875,24020,24110,24118,24259,24340,24389,24694,24843,25070,25103,25206,25275,25461,25632,25762,25767,25851,26200,26439,26577,26700,26780,26873,27158,27575,27609,27703,27845,27934,27966,28105,28238,28439,28637,28655,28773,28871,28971,29156,29188,29334,29427,29616,29635,29832,29862,29930,29962,30354,30491,30693,30953,31261,31278,31444,31514,31699,31802,31833,31893,31928,32017,32065,32299,32408,32762,33177,33182,33552,33958,34095,34118,34185,34355,34370,34793,35041,35535,35667,36034,36148,36274,36286,36498,36519,36589,36627,36666,36707,36750,36977,37086,37219,37380,37639,37674,37707,37718,37835,37924,37935,38025,38069,38314,38418,38729,38816,38942,39092,39256,39257,39481,39565,39779,39880,40196,40314,40539,40681,40719,40804,40826,40989,41009,41077,41099,41209,41355,41710,41953,41963,42068,42095,42225,42340,42509,42606,42609,42610,42714,42927,42940,43089,43145,43252,43405,43432,43520,43535,43619,43660,43942,44069,44214,44496,44521,44525,44600,44685,44731,44796,45162,45296,45403,45543,45587,45698,45746,45805,45863,45984,45990,46087,46120,46143,46175,46381,46413,46552,46755,46809,46971,47037,47048,47238,47259,47304,47716,47873,47909,47979,47989,48002,48271,48433,48467,48653,49306,49414,49509,49661,49800,49835,49926,50130,50472,50636,50653,50674,50895,50901,51273,51419,51541,51926,52106,52144,52158,52229,52288,52374,52858
63	591
64	2340,4385,6876,7219,8193,21215,46578,49611,51312
65	12652,13174,13269,13596,15383,15724,16441,17001,17077,17257,17486,17782,17905,18077,18344,18372,19145,19317,19366,19521,20525,20812,21029,21701,21748,22509,22681,23207,23600,23673,23869,23935,24025,24280,24620,24853,24990,25156,25510,25523,25605,25870,26304,26486,26496,26845,26967,27154,27199,27391,27791,27831,28042,28444,28594,28884,29178,29403,29755,30008,30465,30514,30524,30667,30700,30792,30962,31053,31125,31425,31568,31659,32014,32231,32238,32294,32360,32481,32661,32712,32730,32882,33135,33142,33443,33680,33975,34491,34827,34993,35047,35141,35257,35283,35401,35603,35658,35697,35938,35969,36196,36253,36305,36508,36996,37363,37465,37625,37716,37824,37950,37964,38001,38029,38216,38475,38592,38813,38914,39030,39131,39133,39175,39214,39435,39530,39592,39653,39876,40001,40011,40071,40162,40368,40690,40743,40752,40978,41325,41390,41784,41833,42131,42229,42291,42370,42387,42720,42849,42892,42919,43065,43373,43617,43636,43721,43729,43819,44031,44082,44201,44220,44394,44499,44638,44762,44945,45116,45331,45490,45908,46058,46609,46735,46738,46777,46874,46877,46894,47356,47379,47402,47414,47427,47681,47810,47875,47900,47934,48203,48540,48718,48741,48853,48906,48966,48992,49102,49228,49336,49394,49683,49763,49898,50619,50713,50747,50762,50903,50956,51001,51030,51318,51369,51451,51514,51560,51635,51653,51911,52185,52227,52347,52394,52523,52536,52584
66	2626,4581,4987,5770,6592,6910,7127,8324,8436,9095,9416,9788,11979,13872,14181,14196,17459,17524,19843,22467,23044,24425,25773,26087,27145,28838,35510,35690,36156,37402,40148,42739,43841,47216,48453
67	16050,16360,18238,21139,21346,24172,24618,24667,25928,26328,26787,27445,27935,28572,29505,29831,29884,30162,30414,30460,30630,31488,31716,31750,32202,32362,32526,33511,33651,33950,34018,34314,34860,34893,35453,36096,36565,37354,37787,37812,38090,38369,39205,39244,39343,39857,39967,40080,40161,40195,40706,41007,41092,41108,41134,41225,41287,41294,41372,41616,41705,41808,41849,42285,42348,42407,42486,43180,43229,43376,43510,43733,44037,44192,44324,44633,44787,44795,45097,45765,45772,46192,47123,47171,47296,47672,47863,48005,48052,48058,48408,48603,48645,48793,48804,48964,48974,49087,49139,49286,49317,49361,49397,49424,49457,49795,49893,50000,50168,50296,50355,50650,50732,51244,51322,51615,51689,51843,52041,52109,52286,52354,52750,52756,52778,52790,52817,52942
68	2226
69	3246,15653,36720,39932
