01	213
02	5,10,12,14,16,18,22,44,54,56,63,69,71,88,103,108,112,118,126,134,156,164,165,167,210,282,373,513,563,1666
03	630,829,850,1104,1554,1616,1659,1937,2789,3391,3576,5231,10096
04	27
05	15,39,40,51,70,72,80,82,83,89,94,102,104,113,122,141,145,153,163,186,188,191,199,202,220,225,230,232,244,253,264,284,286,289,302,305,308,344,353,362,401,413,443,445,457,540,561,578,605,609,633,684,690,691,766,847,862,863,878,889,908,920,931,933,994,1079,1161,1199,1201,1312,1362,1852,2360,2649,2762,5223,8513
06	95,178
07	65,157,180,237,249,262,268,297,315,347,350,361,371,375,382,407,423,435,446,449,464,488,491,497,511,523,547,549,602,612,617,627,676,677,687,708,711,735,760,778,783,790,819,832,840,853,868,873,880,891,912,923,928,940,949,1001,1007,1010,1015,1024,1056,1059,1072,1102,1106,1128,1134,1148,1156,1164,1188,1191,1207,1213,1250,1309,1320,1334,1358,1361,1376,1398,1420,1467,1474,1493,1506,1538,1560,1579,1622,1657,1672,1688,1727,1739,1746,1779,1823,1858,1898,1914,1922,1945,1950,2072,2156,2208,2214,2305,2346,2504,2519,2540,2593,2651,2677,2687,2715,2766,2767,2782,2840,2888,3255,3374,3383,3474,3487,3496,3502,3744,3784,3849,3951,4061,4336,4350,4539,4626,4701,4704,4787,4862,4971,4988,5135,5188,5318,5428,5448,5513,5698,5867,5893,5942,6030,6041,6463,6476,6609,6817,6880,7232,7259,7289,7450,7461,7865,8015,8223,8607,8681,9044,9228,9671,10095,10845,11409,11690,12053,12079,12883,14023,14227,16263,21776,22767,23936,24163,24459
08	553,558,660,999,1022,1200,3051
09	60,76,105,120,123,133,136,143,168,179,196,203,204,212,219,228,234,246,271,275,287,300,314,317,321,328,329,351,370,374,385,448,451,496,526,541,645,648,659,704,732,823,1314,1466,1532,1605,1865,2720,2864,4182,4411,4416,4544,5484,7305,11050,12907
10	293,394,441,458,486,493,530,551,575,577,585,625,666,673,678,689,694,759,763,789,796,803,815,822,833,838,839,864,882,892,899,952,958,959,968,973,978,986,988,993,1002,1013,1023,1031,1044,1057,1061,1070,1112,1120,1121,1131,1139,1154,1158,1171,1173,1189,1197,1198,1208,1211,1214,1222,1223,1225,1227,1233,1251,1257,1259,1275,1278,1300,1325,1341,1350,1368,1381,1401,1414,1416,1422,1430,1440,1473,1475,1478,1481,1507,1544,1573,1589,1593,1596,1604,1608,1617,1643,1647,1664,1687,1689,1691,1692,1693,1696,1700,1730,1736,1770,1772,1787,1857,1863,1881,1883,1886,1892,1948,1955,1987,1990,2016,2024,2030,2059,2075,2078,2111,2131,2177,2225,2230,2234,2235,2238,2318,2330,2332,2347,2363,2400,2431,2444,2445,2455,2463,2524,2529,2530,2545,2551,2570,2572,2598,2606,2645,2655,2663,2674,2707,2714,2717,2728,2743,2775,2787,2816,2817,2818,2942,2952,2967,2985,3006,3015,3023,3041,3069,3076,3080,3121,3141,3143,3185,3211,3246,3333,3339,3349,3363,3364,3377,3387,3512,3534,3565,3618,3620,3665,3667,3678,3752,3778,3796,3808,3833,3841,3857,3891,3915,3917,3941,3980,3986,3988,3998,4004,4033,4060,4086,4100,4134,4149,4155,4156,4165,4237,4272,4276,4304,4346,4372,4423,4431,4460,4486,4532,4629,4659,4732,4735,4762,4798,4799,4812,4815,4828,4866,4948,4957,4980,5009,5068,5108,5165,5176,5213,5218,5235,5241,5249,5269,5345,5396,5416,5485,5495,5535,5544,5601,5646,5699,5703,5711,5777,5858,5865,5868,5877,5909,5933,5940,5962,6058,6077,6204,6338,6431,6492,6552,6581,6701,6740,6762,6814,6841,6842,6845,6919,6938,6972,7010,7087,7091,7108,7127,7192,7202,7209,7226,7348,7360,7421,7521,7568,7610,7769,7774,7999,8106,8108,8144,8311,8351,8415,8534,8617,8643,8796,8978,9142,9185,9198,9244,9311,9438,9668,9710,9713,9745,9781,9840,9958,10073,10319,10338,10509,10518,10683,10702,10773,10788,10808,10900,10947,10973,11056,11153,11379,11670,11775,11841,11941,12040,12221,12285,12297,12578,12641,12704,12928,12946,12988,13131,13316,13329,13457,13462,13564,13653,13693,13760,13918,13939,13980,14150,14466,14727,14743,14847,14857,15274,15477,15783,15863,16317,16323,16341,16564,16606,16616,16736,16798,16936,16949,17047,17083,17394,17557,17679,17707,17771,17955,18063,18108,18200,18362,18422,19021,19200,19285,19756,20894,21473,21504,21840,21902,21916,22880,22980,23332,23863,24182,24185
11	77,98,99,146,155,182,183,200,208,214,227,229,238,258,261,273,277,291,299,333,340,368,378,409,414,422,425,430,440,527,546,562,565,589,626,654,662,682,703,706,713,739,753,774,793,835,921,926,945,984,997,1168,1238,1272,1336,1591,1756,1777,1818,1962,2119,2135,2264,2317,2328,2435,2464,2637,2859,2964,3406,3939,5479,5919,5950,7885,8052,8180
12	905,1049,1180,1293,1405,1463,1502,1510,1529,1600,1609,1618,1627,1632,1661,1685,1710,1715,1790,1807,1830,1873,1906,1942,1944,1980,2047,2050,2065,2070,2087,2157,2207,2257,2322,2352,2382,2398,2422,2493,2561,2571,2590,2627,2630,2647,2718,2779,2812,2854,2894,2903,2939,2950,2987,2996,3042,3060,3094,3111,3134,3162,3172,3181,3188,3195,3213,3236,3249,3281,3300,3313,3402,3410,3429,3432,3460,3516,3546,3580,3589,3599,3601,3603,3617,3652,3657,3668,3674,3676,3694,3728,3761,3765,3880,3882,3906,3919,3948,3999,4007,4034,4075,4080,4148,4219,4234,4257,4294,4306,4320,4342,4344,4399,4404,4410,4426,4428,4443,4476,4487,4568,4631,4661,4700,4712,4730,4743,4751,4838,4861,4868,4869,4886,4889,4896,4905,4944,4969,5015,5036,5041,5073,5098,5099,5103,5110,5124,5134,5183,5240,5254,5282,5290,5357,5384,5387,5413,5420,5483,5529,5579,5583,5594,5603,5635,5649,5657,5659,5670,5679,5687,5714,5771,5780,5784,5890,5902,5903,5907,5946,5958,5999,6008,6016,6050,6063,6065,6091,6110,6113,6131,6133,6143,6155,6252,6278,6334,6371,6393,6405,6448,6469,6515,6570,6615,6688,6689,6744,6746,6756,6806,6822,6852,6853,6855,6858,6898,6907,6978,6988,7024,7046,7054,7066,7075,7105,7143,7144,7222,7233,7261,7287,7325,7377,7390,7419,7425,7437,7501,7517,7519,7527,7552,7560,7601,7603,7626,7644,7645,7649,7652,7675,7694,7713,7741,7765,7822,7831,7839,7843,7871,7914,7917,7920,7993,8050,8051,8061,8075,8088,8115,8123,8143,8155,8190,8201,8253,8254,8256,8300,8418,8481,8499,8514,8560,8565,8663,8669,8693,8700,8733,8797,8826,8827,8861,8985,8994,9032,9120,9210,9280,9291,9374,9396,9455,9462,9463,9472,9481,9499,9505,9561,9600,9609,9623,9649,9692,9742,9749,9755,9763,9772,9834,9835,9912,9919,9999,10012,10020,10027,10041,10159,10175,10217,10307,10343,10355,10365,10376,10455,10526,10529,10560,10590,10642,10643,10701,10709,10715,10740,10749,10752,10815,10831,10838,10861,10873,10889,10902,10939,10968,11045,11072,11160,11165,11202,11209,11233,11267,11311,11342,11361,11363,11417,11427,11428,11430,11447,11486,11496,11497,11536,11561,11567,11672,11681,11742,11760,11799,11820,11876,11924,11938,11963,11975,12102,12113,12117,12202,12253,12267,12301,12326,12341,12497,12516,12592,12610,12611,12665,12698,12700,12728,12746,12767,12795,12807,12831,12983,13068,13098,13106,13118,13158,13159,13234,13300,13308,13326,13386,13389,13412,13443,13465,13610,13692,13743,13758,13766,13767,13797,13802,13849,13901,13911,13958,14005,14275,14293,14335,14338,14458,14489,14506,14511,14531,14559,14562,14567,14623,14679,14867,14880,14955,14957,14970,15024,15027,15042,15053,15061,15083,15102,15107,15203,15217,15227,15235,15257,15259,15260,15276,15283,15284,15449,15459,15559,15614,15622,15645,15708,15754,15757,15795,15874,16040,16045,16097,16238,16249,16299,16407,16452,16523,16648,16681,16690,16729,16749,16786,16807,16816,16832,16861,16908,16956,16976,16982,17006,17016,17044,17088,17181,17213,17217,17325,17358,17438,17647,17672,17860,17887,17961,17983,17989,17992,18002,18143,18177,18317,18368,18428,18494,18505,18617,18642,18656,18696,18747,18748,18821,18840,18846,18849,18867,18992,18993,19003,19042,19083,19197,19300,19312,19318,19348,19399,19464,19497,19602,19654,19719,19742,19754,19809,19813,19876,19988,20030,20053,20068,20139,20266,20306,20363,20512,20519,20621,20673,20944,20962,21215,21328,21381,21384,21556,21690,21710,21742,21786,21854,21867,22241,22260,22284,22317,22611,22847,22896,22901,22931,23195,23368,23464,23582,23640,23765,23766,23888,24117,24137,24241,24272,24393,24440,24481,24654,24681
13	1306,1641,2095,2102,2143,2169,2364,2372,2399,2458,2550,2569,2734,2748,2916,2962,2965,2979,3014,3019,3153,3158,3241,3252,3295,3360,3455,3469,3480,3495,3518,3558,3689,3711,3733,3791,3858,3893,3932,3994,4014,4049,4062,4126,4236,4258,4268,4273,4308,4345,4349,4418,4457,4469,4478,4485,4618,4698,4740,4746,4784,4873,4895,4914,4946,4950,4976,5017,5075,5122,5131,5147,5171,5184,5215,5270,5283,5343,5361,5417,5438,5475,5507,5525,5629,5680,5686,5723,5762,5774,5790,5875,5906,5910,6022,6032,6057,6089,6108,6129,6145,6222,6290,6311,6363,6391,6411,6430,6449,6459,6467,6483,6513,6516,6529,6582,6608,6610,6612,6616,6658,6660,6664,6716,6719,6722,6724,6789,6896,6928,6948,7048,7069,7073,7121,7145,7172,7206,7212,7228,7252,7274,7286,7333,7335,7356,7374,7455,7456,7520,7577,7608,7614,7616,7629,7662,7704,7708,7718,7724,7725,7756,7757,7778,7804,7845,7867,7887,7902,7932,7954,8019,8021,8087,8125,8127,8128,8153,8160,8182,8184,8189,8209,8227,8236,8242,8278,8290,8309,8313,8321,8344,8349,8350,8373,8378,8390,8394,8412,8426,8503,8508,8511,8519,8541,8543,8608,8611,8636,8641,8644,8719,8721,8736,8790,8791,8798,8880,8922,8947,8949,8977,9008,9056,9138,9143,9144,9160,9168,9206,9226,9256,9257,9303,9355,9362,9382,9427,9449,9484,9512,9528,9548,9573,9675,9707,9716,9738,9795,9797,9809,9810,9922,9932,9991,9992,9995,10051,10081,10106,10142,10162,10186,10211,10220,10253,10301,10321,10330,10409,10423,10439,10441,10465,10467,10485,10544,10581,10611,10656,10686,10711,10726,10821,10825,10881,10885,10904,10920,11002,11039,11047,11123,11134,11168,11220,11223,11250,11275,11278,11336,11340,11376,11439,11475,11493,11558,11589,11598,11615,11663,11683,11694,11709,11719,11733,11735,11816,11885,11897,11907,11930,11999,12000,12001,12035,12041,12070,12170,12179,12198,12205,12251,12272,12276,12308,12309,12408,12454,12470,12519,12559,12567,12644,12647,12725,12814,12826,12828,12860,12866,12891,12927,12931,12960,13026,13073,13156,13161,13194,13204,13284,13320,13324,13347,13355,13411,13422,13430,13441,13463,13469,13483,13490,13512,13514,13560,13586,13603,13641,13646,13685,13715,13719,13721,13751,13769,13803,13806,13825,13837,13839,13845,13890,13910,13912,13923,13934,13955,13957,14035,14036,14053,14098,14141,14185,14188,14234,14292,14384,14396,14427,14430,14433,14485,14536,14579,14615,14619,14638,14659,14671,14673,14701,14731,14739,14747,14752,14754,14835,14923,14968,15003,15074,15244,15262,15265,15300,15320,15322,15325,15344,15348,15351,15357,15375,15403,15445,15467,15486,15545,15556,15560,15562,15566,15569,15585,15591,15692,15711,15721,15727,15731,15736,15774,15788,15813,15833,15876,15888,15900,15915,15916,15957,15968,15989,15996,16031,16039,16049,16235,16337,16400,16430,16504,16512,16530,16537,16538,16539,16544,16583,16627,16655,16658,16694,16742,16900,16912,16915,17177,17313,17326,17385,17403,17433,17442,17453,17482,17488,17571,17595,17619,17760,17834,17896,17911,17990,18032,18121,18158,18165,18261,18293,18312,18373,18385,18390,18418,18452,18487,18587,18662,18697,18767,18818,18831,18835,18880,18885,18912,19029,19039,19111,19127,19135,19164,19171,19229,19262,19280,19368,19397,19402,19427,19504,19541,19559,19615,19620,19624,19707,19732,19759,19764,19778,19823,19859,19875,19877,19891,19907,19943,20015,20021,20025,20069,20100,20193,20228,20247,20287,20311,20357,20415,20437,20463,20500,20517,20574,20705,20737,20751,20773,20847,20861,20872,20960,20993,21004,21091,21125,21127,21138,21154,21256,21400,21417,21431,21459,21467,21527,21528,21531,21547,21553,21581,21748,21766,21831,21837,21872,21921,22002,22024,22071,22106,22122,22132,22156,22163,22168,22304,22306,22369,22414,22423,22471,22522,22595,22640,22654,22746,22796,22846,22946,22953,22997,23092,23285,23289,23411,23432,23451,23458,23466,23493,23532,23564,23596,23599,23657,23675,23724,23754,23773,23803,23805,23807,23913,23919,23980,24083,24140,24235,24334,24557,24559,24585,24639
14	1037,1281,1423,1468,1615,1640,1801,1935,1952,1975,1998,2063,2107,2148,2153,2189,2213,2226,2254,2278,2310,2377,2424,2489,2650,2698,2702,2742,2797,2824,2830,2835,2875,2956,2958,2971,2974,3009,3168,3230,3244,3267,3304,3317,3446,3493,3538,3627,3662,3701,3748,3783,3787,3794,3804,3809,3866,3873,3938,3972,3981,4011,4051,4067,4107,4194,4197,4215,4224,4269,4285,4300,4366,4484,4491,4515,4632,4645,4814,4820,4841,4875,4880,4975,4977,4994,4997,5027,5030,5062,5064,5077,5081,5203,5264,5296,5314,5349,5363,5405,5446,5462,5502,5508,5542,5551,5584,5600,5606,5614,5622,5693,5704,5766,5818,5873,5895,5901,5951,5969,6042,6109,6118,6132,6160,6163,6190,6225,6244,6259,6280,6285,6348,6401,6406,6415,6462,6506,6548,6559,6573,6577,6603,6631,6730,6738,6753,6769,6792,6804,6821,6846,6871,6875,6885,6893,6900,6922,6945,6952,6958,6974,6984,7039,7093,7096,7153,7225,7238,7366,7385,7452,7464,7473,7480,7509,7551,7606,7615,7676,7720,7721,7750,7767,7825,7827,7851,7876,7896,7951,8004,8056,8063,8080,8118,8152,8199,8286,8292,8296,8336,8348,8436,8453,8598,8606,8622,8637,8648,8708,8727,8729,8751,8764,8820,8896,8935,8945,8984,9006,9055,9073,9091,9114,9119,9215,9243,9302,9332,9334,9337,9395,9402,9440,9460,9486,9541,9588,9607,9629,9666,9667,9683,9747,9790,9796,9798,9845,9857,9894,9986,9998,10010,10060,10065,10119,10127,10156,10172,10223,10240,10259,10264,10270,10271,10291,10329,10344,10356,10361,10385,10393,10444,10457,10472,10478,10492,10510,10550,10561,10571,10587,10595,10618,10660,10703,10730,10830,10931,10948,10957,11038,11086,11102,11108,11120,11166,11171,11240,11259,11293,11316,11349,11370,11405,11512,11522,11530,11566,11619,11647,11668,11724,11753,11770,11796,11797,11828,11869,11909,11920,11922,11947,12025,12068,12075,12121,12137,12147,12160,12312,12336,12339,12359,12370,12387,12399,12404,12423,12432,12444,12474,12530,12586,12593,12605,12609,12662,12709,12723,12726,12730,12732,12787,12806,12808,12824,12871,12925,12934,12936,12938,12943,13018,13101,13116,13140,13152,13218,13225,13243,13267,13291,13351,13362,13413,13431,13498,13500,13518,13531,13578,13592,13595,13605,13660,13668,13736,13737,13747,13818,13848,13865,13873,13888,13905,13966,14020,14045,14081,14085,14140,14152,14158,14192,14226,14281,14299,14332,14337,14340,14406,14439,14457,14473,14490,14505,14549,14560,14563,14570,14580,14627,14632,14633,14672,14723,14736,14788,14824,14899,14933,15066,15105,15176,15268,15360,15384,15414,15438,15522,15531,15538,15547,15603,15652,15703,15716,15724,15747,15753,15801,15857,15887,15925,15939,16013,16061,16067,16075,16086,16113,16149,16168,16177,16242,16245,16260,16274,16283,16353,16356,16380,16392,16404,16413,16433,16447,16449,16490,16531,16591,16640,16669,16672,16675,16692,16696,16740,16911,16924,16927,16934,16983,16996,16998,17011,17059,17090,17106,17113,17159,17173,17197,17320,17337,17344,17360,17388,17407,17447,17473,17493,17500,17501,17671,17754,17794,17799,17804,17820,17837,17863,17864,17886,17890,17922,17938,17941,17958,17968,18099,18111,18125,18164,18167,18192,18205,18310,18315,18316,18323,18342,18388,18403,18424,18463,18474,18491,18548,18581,18595,18640,18725,18774,18790,18808,18900,18913,18918,18925,18936,18976,18985,18994,19059,19075,19101,19120,19141,19191,19192,19254,19270,19278,19310,19438,19580,19588,19628,19634,19687,19773,19888,19964,19975,19980,20085,20102,20152,20185,20245,20424,20530,20541,20566,20612,20677,20706,20707,20720,20727,20741,20775,20777,20782,20815,20843,20860,20878,20966,21084,21104,21105,21130,21155,21234,21294,21325,21343,21359,21412,21483,21502,21579,21627,21696,21705,21720,21722,21798,21960,22148,22230,22243,22271,22364,22368,22447,22502,22585,22597,22667,22701,22735,22788,22982,23054,23069,23151,23187,23210,23299,23324,23386,23496,23574,23721,23781,23782,23847,23850,23852,23890,23941,23942,24013,24024,24116,24170,24287,24305,24467,24480,24551,24589
15	1003,1027,1114,1142,1160,1204,1286,1303,1318,1352,1424,1503,1584,1671,1695,1708,1744,1757,1767,1802,1820,1850,1853,1936,1979,2101,2112,2120,2206,2258,2295,2350,2375,2406,2432,2436,2510,2527,2538,2539,2579,2585,2608,2632,2654,2658,2760,2784,2808,2809,2832,2897,2922,2934,2953,2955,2978,2990,3011,3031,3046,3052,3095,3217,3229,3274,3278,3280,3301,3315,3340,3408,3418,3438,3463,3476,3477,3544,3626,3654,3707,3714,3767,3779,3788,3814,3853,3890,3901,3954,3961,3983,4015,4036,4070,4084,4111,4119,4174,4187,4220,4232,4254,4255,4316,4329,4354,4358,4395,4406,4434,4441,4465,4468,4488,4510,4556,4571,4582,4608,4696,4754,4794,4803,4824,4845,4847,4897,4904,4938,4952,5007,5114,5120,5189,5276,5317,5325,5333,5364,5409,5518,5537,5539,5562,5610,5708,5716,5793,5799,5842,5887,5927,6056,6066,6081,6194,6273,6307,6321,6628,6644,6648,6700,6787,6793,6884,6906,6916,6957,7005,7101,7114,7185,7194,7218,7300,7354,7368,7382,7412,7446,7453,7549,7658,7679,7799,7844,7974,8038,8121,8266,8272,8273,8279,8315,8465,8475,8596,8599,8746,8747,8760,8937,8966,8971,8989,9004,9014,9015,9043,9046,9129,9216,9278,9295,9426,9468,9485,9624,9626,9639,9647,9673,9695,9779,9886,9943,9950,9951,10050,10116,10130,10190,10245,10261,10373,10404,10446,10546,10556,10628,10653,10698,10849,10915,10975,10979,11124,11232,11266,11269,11338,11389,11431,11433,11662,11692,11720,11769,11778,11779,11793,11809,11902,11910,11967,12174,12187,12213,12226,12263,12323,12421,12425,12437,12539,12569,12659,12738,12908,13038,13124,13170,13330,13404,13409,13488,13497,13506,13519,13631,13689,13820,13846,13898,13941,13989,13994,14037,14172,14347,14348,14382,14416,14471,14551,14680,14831,14917,14918,14929,14945,15088,15166,15186,15266,15273,15275,15291,15327,15332,15514,15555,15579,15616,15620,15733,15751,15846,16043,16140,16281,16300,16304,16422,16481,16550,16600,16728,16768,16811,16844,16856,17066,17101,17160,17183,17306,17418,17481,17507,17798,17827,17883,17996,18030,18162,18295,18563,18588,18675,18791,18819,18981,19007,19324,19373,19483,19585,19593,19618,19665,19765,19853,19881,19962,20244,20255,20313,20467,20715,20812,20827,20920,21035,21145,21182,21259,21350,21363,21546,21685,21715,21971,22076,22087,22143,22186,22215,22442,22738,22842,23288,23525,23826,23857,23958,23984,23995,23999,24074,24234,24266,24278,24378,24592
16	53
17	787,1477,2043,2071,2161,2312,2681,3264,3488,3520,3762,3785,3813,3816,4169,4253,4356,4770,4819,5170,5626,5637,6052,6178,7081,7085,7581,7891,7897,9263,9325,9490,9718,9931,10367,10391,10785,10851,11368,11463,11621,11727,11875,11950,12435,12729,14197,14417,14964,15597,15819,15923,16124,16495,19045,19422,19713,19730,20001,20048,20122,20148,20610,21220,21427,21939,22507,23552,23862,24155
