01	168,303,497,573,578,585,588,639,640,661,693,695,701,714,723,724,725,730,745,784,830,832,872,889,920,933,938,961,979,1039,1047,1052,1088,1130,1252,1255,1269,1282,1302,1313,1335,1392,1406,1440,1448,1531,1537,1566,1587,1589,1622,1638,1655,1768,1779,1790,1826,1897,1980,2053,2101,2181,2209,2225,2277,2279,2287,2299,2315,2332,2359,2409,2418,2428,2446,2513,2544,2558,2579,2739,2912,3039,3128,3299,3505,3528,3544,3638,3951,4053,4075,4149,4446,4542,4580,5320,7852
02	15,22,28,31,33,54,89,98,99,114,121,122,129,213,217,222,223,295,313,383,448,549,553,766,862,942,973,1124,1129,1461,1623,1624,1628,1759,2598
03	24,42,48,65,76,119,138,144,148,161,184,185,193,198,211,227,235,239,253,264,275,298,299,328,336,344,355,358,364,378,387,389,421,430,434,445,466,467,495,498,502,507,510,513,567,609,621,645,658,662,678,702,706,768,846,848,895,932,954,955,972,1016,1019,1035,1042,1072,1073,1079,1095,1117,1119,1175,1176,1177,1186,1191,1240,1287,1344,1358,1442,1466,1498,1522,1539,1542,1548,1635,1641,1642,1649,1677,1680,1716,1720,1775,1782,1840,1872,1896,1909,1964,2007,2042,2106,2178,2243,2271,2377,2396,2400,2516,2524,2526,2533,2582,2594,2611,2668,2711,2741,2823,2894,2954,2966,3114,3152,3182,3302,3381,3464,3496,3587,3639,4005,4130,4255,4315,4423,4470,4578,4608,4792,4809,4935,5186,5372,5381,5597,5627,5682,5698,5733,5872,5906,6101,6323,6328,6599,6653,6925,6981,6995,7411,7558,7623,7697,7932,7962,8014,8803,8858,8965,9376,9454,9463,9509,9623,10326,10685,10955,11642,11750,12080,12122,12358,13144,13876,14516,14664,15327,15533,16399,16653,16851,17454,17636,17957,21045,21695,22096,23098,23403,24598,24672,24870,26586,28018,28124,28693,28698,28738
04	6,8,9,14,19,30,39,85,111,156,199,225,230,259,308,312,407,1094,1214,1414,1546,1598,1727,2437,4642,7964,10184,12418,18925
05	7,10,13,47,67,80,84,132,153,162,164,174,181,210,233,240,247,294,352,371,380,540,583,668,826,1004,1220,1281,1459,2085,2305,2782,3497,7455
06	143
07	149,171,180,232,246,293,311,347,362,382,392,396,447,460,468,471,501,517,537,548,577,624,631,729,738,740,790,793,849,851,865,868,873,890,901,913,946,991,997,1002,1045,1046,1051,1053,1082,1093,1099,1165,1217,1237,1317,1321,1332,1341,1354,1355,1397,1453,1455,1457,1463,1469,1511,1516,1517,1575,1578,1632,1661,1684,1736,1750,1797,1817,1833,1843,1848,1851,1870,1939,1958,1993,2020,2024,2049,2072,2104,2110,2206,2226,2252,2259,2280,2283,2322,2390,2405,2414,2419,2521,2616,2663,2677,2758,2820,2846,2859,2965,3050,3062,3065,3081,3126,3175,3290,3366,3395,3430,3483,3554,3568,3594,3617,3675,3729,3893,3919,3958,3970,4023,4102,4231,4234,4286,4316,4359,4389,4414,4454,4507,4554,4560,4571,4620,4638,4682,4692,4779,4968,4993,4994,5047,5053,5129,5187,5188,5300,5435,5461,5505,5519,5538,5856,5888,6038,6054,6098,6245,6288,6838,6952,6967,7145,7149,7347,7360,7522,7574,7693,8088,8191,8625,8641,8802,8871,8884,9180,9244,9391,9473,9551,9722,9914,10248,10651,10714,10778,10867,11194,11505,12130,12158,12298,12321,12406,12423,12494,12513,12683,12856,12869,12964,13038,13345,13736,13796,13920,14300,14308,14422,14471,14625,14833,14894,15134,15649,15756,16007,16189,16420,16532,16746,16980,16997,17251,17515,17715,18293,18352,18492,18714,18764,19582,19604,19698,19762,19786,20395,20525,20582,21619,21831,21919,21956,22500,22519,22523,22554,22590,22827,22878,23113,23136,23427,23572,23729,23746,24300,24303,24470,24653,24923,25060,25108,25613,25710,25775,25868,25944,26091,26214,26455,26652,26972,26996,27016,27070,27294,27361,27576,29665
08	479
09	5,16,21,23,27,41,44,52,56,57,63,73,86,90,97,101,112,136,157,166,178,195,273,281,282,307,391,464,470,490,504,520,542,649,707,735,1085,2003,2153,5218
10	36,37,49,55,81,87,109,128,142,151,158,160,173,179,187,188,254,257,334,341,342,349,386,503,547,581,605,718,755,824,936,941,953,1419,1735,1763,2015,2078,2456,2874,3048,3403,4089,5406
11	2,4,11,17,26,32,38,50,66,71,83,106,108,126,134,140,155,163,186,194,196,197,206,244,277,278,323,373,388,408,494,509,600,655,732,854,1699,2692,6254,13650
12	1,40,43,45,53,113,118,133,146,270,271,384,506,526,539,612,635,782,892,1001,1060,1083,2876
13	46,62,68,78,110,127,183,192,200,201,209,309,326,329,351,379,393,399,416,419,428,429,492,493,505,532,576,580,747,754,767,791,809,831,926,1120,1226,1275,1320,1374,1382,1396,1411,1474,1660,1691,1783,1854,1920,2296,2510,2716,2886,4424,4698,4916,5197,5543,6396,9774,14077
14	2575,3492,3600,3662,3732,3831,3861,4057,4071,4203,4494,4538,4666,4727,4750,4823,4830,4841,4879,5031,5087,5145,5160,5344,5356,5455,5474,5518,5588,5624,5671,5699,5788,5826,5887,6015,6037,6070,6103,6106,6117,6126,6189,6209,6251,6400,6404,6589,6624,6649,6722,6772,6832,6855,6872,6875,6900,6948,6965,6998,7022,7057,7118,7129,7161,7192,7208,7217,7218,7224,7252,7263,7286,7297,7370,7372,7380,7392,7418,7441,7470,7509,7510,7528,7552,7576,7592,7594,7692,7696,7814,7835,7863,7875,7910,8013,8033,8065,8142,8151,8229,8285,8299,8351,8370,8405,8452,8464,8469,8504,8520,8565,8613,8696,8733,8742,8810,8811,8825,8833,8874,8875,8929,8936,8945,8958,9014,9042,9068,9073,9077,9113,9120,9232,9251,9290,9307,9406,9414,9459,9508,9512,9539,9547,9568,9586,9689,9790,9809,9819,9820,9842,9916,9948,9974,9982,9991,10043,10068,10134,10215,10241,10243,10322,10396,10412,10433,10441,10468,10488,10524,10548,10552,10564,10593,10594,10618,10621,10625,10626,10636,10686,10700,10706,10719,10762,10803,10804,10822,10841,10850,10851,10893,10914,10936,10948,10962,11026,11114,11163,11205,11238,11258,11297,11318,11376,11408,11508,11534,11544,11554,11560,11584,11614,11652,11676,11686,11712,11728,11759,11783,11784,11807,11913,12019,12088,12116,12219,12288,12304,12307,12365,12469,12489,12526,12626,12631,12632,12674,12695,12746,12760,12765,12772,12779,12803,12830,12931,12974,12993,13016,13043,13050,13089,13091,13110,13117,13178,13204,13208,13242,13262,13269,13416,13474,13527,13548,13577,13597,13636,13658,13678,13782,13792,13810,13832,13850,13853,13863,13871,13873,13929,13983,13990,14011,14031,14041,14058,14059,14079,14170,14180,14194,14237,14282,14284,14321,14356,14361,14389,14392,14431,14467,14594,14610,14613,14659,14695,14702,14757,14773,14796,14814,14818,14919,14941,14955,14965,14967,14996,15082,15108,15125,15253,15268,15270,15343,15403,15443,15452,15555,15611,15647,15655,15670,15693,15708,15735,15762,15767,15823,15824,15845,15849,15876,15913,15932,15935,15951,15955,16008,16015,16021,16039,16048,16056,16058,16087,16155,16190,16231,16237,16254,16410,16424,16473,16549,16579,16586,16602,16623,16647,16679,16744,16790,16837,16915,16927,16938,16955,16969,16989,17041,17043,17064,17167,17186,17220,17229,17246,17258,17267,17280,17343,17352,17355,17377,17394,17406,17456,17485,17491,17509,17531,17619,17639,17699,17709,17776,17806,17813,17866,17909,17910,17912,17932,17950,17951,17975,18052,18089,18119,18142,18156,18162,18260,18288,18290,18307,18327,18330,18331,18336,18365,18370,18375,18398,18435,18539,18544,18556,18615,18628,18695,18697,18730,18749,18779,18791,18859,18906,18929,18939,18970,19120,19127,19168,19194,19195,19204,19390,19415,19420,19432,19439,19445,19479,19480,19534,19564,19567,19599,19638,19702,19714,19731,19746,19852,19863,19896,19907,19916,19967,20051,20108,20187,20191,20222,20281,20285,20301,20350,20359,20483,20558,20565,20588,20592,20619,20684,20689,20699,20723,20730,20753,20782,20800,20835,20897,20914,20955,20961,20971,20986,20993,21012,21043,21051,21134,21159,21204,21298,21318,21327,21354,21364,21384,21431,21477,21591,21665,21706,21714,21771,21775,21776,21797,21803,21827,21888,21891,21916,21946,21973,22085,22123,22215,22241,22262,22336,22442,22507,22571,22580,22646,22732,22804,22810,22847,22871,22872,22889,23011,23032,23036,23075,23103,23104,23128,23150,23173,23174,23297,23339,23347,23363,23416,23500,23601,23623,23625,23665,23673,23795,23817,23818,23864,23936,23950,23956,23960,23995,24019,24172,24239,24277,24285,24419,24496,24499,24530,24544,24587,24628,24740,24759,24765,24774,24796,24801,24831,24924,24927,25123,25124,25182,25201,25219,25243,25256,25265,25315,25333,25351,25426,25476,25484,25496,25510,25526,25565,25578,25682,25728,25771,25836,25952,25990,26037,26052,26106,26171,26177,26203,26248,26251,26284,26311,26346,26349,26428,26447,26456,26668,26686,26745,26785,26905,26918,26956,27018,27150,27248,27310,27362,27402,27461,27463,27516,27522,27537,27606,27607,27610,27689,27708,27933,27963,27978,28005,28043,28079,28084,28091,28147,28212,28217,28225,28335,28452,28460,28487,28575,28949,28998,29000,29027,29029,29035,29104,29230,29246,29328,29345,29372,29436,29458,29507,29531,29705
15	5457,6115,6222,7072,7404,8074,8101,8165,8918,9206,9211,9369,9471,9554,9648,9671,9889,9960,10274,10374,10460,10654,10779,10971,11006,11146,11245,11263,11805,11843,11984,12002,12049,12133,12167,12231,12447,12565,12748,12899,12946,12949,13009,13088,13158,13180,13294,13319,13327,13468,13477,13499,13523,13570,13617,13632,13680,13762,14018,14066,14117,14151,14192,14222,14293,14435,14439,14493,14519,14564,14607,14709,14730,14789,14951,14972,14973,15044,15109,15112,15362,15398,15418,15475,15510,15524,15582,15686,15687,15725,15819,15989,15992,16017,16061,16102,16214,16268,16320,16438,16514,16594,17001,17033,17095,17283,17376,17518,17572,17593,17648,17669,17696,17698,17704,17722,17729,17756,17759,17824,17936,17985,17997,18009,18049,18093,18120,18127,18146,18169,18179,18249,18256,18328,18467,18473,18475,18500,18503,18532,18571,18602,18607,18728,18836,18865,18891,18950,18953,18964,19011,19040,19061,19075,19085,19141,19222,19231,19278,19284,19317,19373,19418,19463,19502,19533,19549,19586,19616,19780,19782,19871,19875,19912,19940,19963,20162,20164,20174,20316,20340,20377,20454,20569,20573,20606,20707,20746,20812,20824,20873,20917,20989,21011,21029,21054,21061,21115,21201,21283,21398,21470,21593,21660,21799,21855,21894,21960,21997,22004,22018,22026,22152,22240,22284,22319,22320,22337,22350,22352,22436,22486,22487,22490,22541,22557,22596,22714,22773,22862,22882,22930,22974,23003,23023,23064,23132,23169,23194,23262,23354,23369,23436,23473,23520,23567,23582,23604,23632,23683,23749,23777,23856,23858,23899,23954,23979,24038,24065,24163,24192,24207,24297,24309,24321,24363,24391,24414,24442,24509,24550,24621,24646,24682,24685,24751,24816,24838,24869,24946,25069,25137,25155,25176,25185,25221,25441,25457,25504,25521,25527,25637,25648,25654,25714,25724,25738,25746,25763,26020,26051,26078,26121,26175,26190,26191,26195,26202,26293,26298,26314,26336,26347,26389,26438,26514,26525,26530,26545,26559,26587,26644,26653,26665,26755,26831,26849,26910,26992,27184,27204,27210,27216,27317,27584,27647,27712,27733,27756,27977,28048,28068,28082,28088,28129,28139,28174,28209,28265,28357,28383,28406,28431,28444,28498,28528,28549,28702,28716,28773,28815,28843,28859,28883,28974,29042,29194,29225,29231,29326,29373,29386,29434,29449,29460,29494,29657,29684,29727
