01	4,12,24,40,41,56,66,72,82,88,97,105,110,112,114,118,119,122,123,129,136,169,198,211,231,256,257,269,279,285,302,307,338,345,349,360,371,410,428,457,472,481,493,494,495,509,543,556,592,600,614,624,635,648,661,702,734,775,809,818,868,925,937,961,993,1007,1114,1126,1178,1223,1281,1289,1645,1686,1730,2191,2234,2675,3247,3499,3508,3551,3585,4099,4227,4378,4631,5041,5474,5564,6361,6464,6699,7113,7288,7574,8742,9010,9207,9457,11500,11987,12359,12432,12658,13131,14011,14511,15950
02	8,22,23,29,37,45,47,55,87,115,128,134,144,159,165,174,185,244,301,315,434,468,581,1250
03	14,15,61,69,71,80,81,92,95,103,126,158,164,177,206,208,209,218,221,226,240,250,271,272,288,294,299,332,340,343,356,361,367,376,393,418,421,443,448,465,500,571,601,616,617,629,685,736,789,801,910,932,933,1021,1110,1206,1237,1241,1311,1395,1399,1714,1738,1795,1870,2458,2547,2559,2604,2661,2785,2940,3115,3354,3731,3930,4134,4380,5183,5618,6088,9514
04	3095,5169,5255,7050,7947,8314,11751,11830,14144,17736
05	3,11,21,48,49,51,64,68,76,77,104,108,125,161,171,172,178,220,228,230,262,281,291,308,322,346,388,415,449,496,518,531,688,709,899,1146,1254,1268,1444,1624,1735,1918,2682,2765,3059,3192,3970
06	0,13,16,27,30,36,43,84,99,101,141,149,162,180,191,205,246,264,330,347,353,358,363,411,422,446,489,508,523,585,655,678,869,1036,1165
07	1,7,9,19,31,46,106,124,127,167,186,197,233,252,318,382,389,392,431,461,520,533,547,662,704,726,833,870,982,1065,1129,1194,1342,1812,2592,3417,4906
08	44,50,89,91,96,111,135,148,155,175,179,192,202,204,234,238,241,242,245,248,249,261,263,275,282,293,300,313,314,327,335,337,342,355,357,383,391,403,405,416,420,432,435,437,438,440,455,469,471,475,478,483,486,487,490,499,507,511,517,519,526,529,541,548,553,567,568,570,574,577,599,620,628,631,633,634,640,641,646,657,658,664,672,676,700,705,706,708,714,715,737,738,739,746,756,757,764,782,799,802,804,807,813,817,819,820,829,837,838,841,852,862,867,883,921,934,938,945,946,951,957,969,972,976,995,1000,1006,1023,1026,1029,1042,1047,1053,1059,1067,1073,1077,1082,1083,1096,1101,1102,1107,1119,1130,1138,1141,1150,1169,1183,1188,1210,1229,1234,1245,1252,1258,1279,1280,1287,1323,1331,1333,1345,1350,1389,1410,1441,1452,1483,1498,1525,1547,1561,1611,1618,1621,1634,1639,1648,1667,1677,1681,1705,1732,1751,1791,1876,1916,1982,1999,2019,2048,2087,2153,2180,2188,2266,2273,2282,2301,2318,2330,2411,2432,2518,2651,2705,2779,2832,2843,2914,2917,2947,2965,3016,3079,3100,3108,3158,3286,3347,3426,3447,3511,3610,3632,3741,3785,3816,3876,4014,4323,4472,4530,4648,4759,4846,5064,5104,5155,5221,5315,5374,5420,5585,5687,5696,6188,6307,6376,6572,6605,7145,7470,7612,7832,8007,8097,8171,8324,8503,8614,8625,8838,9220,9257,9383,9876,9927,10473,10517,11455,12500,12550,13454,17580
09	17,39,54,58,60,62,94,107,113,116,132,138,143,151,157,181,187,190,199,213,219,224,235,239,243,267,276,283,324,351,362,373,378,390,406,439,441,447,530,539,540,549,572,598,619,621,623,632,645,695,754,797,851,879,884,895,915,1122,1162,1186,1190,1255,1256,1286,1463,1507,1526,1550,1631,1692,1706,1712,1809,1834,1957,2037,2215,2550,2555,2803,2877,2907,3789
10	20,53,57,65,67,74,131,133,139,146,154,156,166,183,189,203,223,227,265,268,273,274,280,321,328,334,336,341,365,374,387,397,452,462,466,480,482,506,516,525,534,550,566,587,594,625,649,723,729,771,783,786,803,845,850,859,955,958,1092,1113,1139,1380,1397,1429,1436,1511,1581,1597,2024,2257,2287,2647,2658,2709,3797,3892,3955,4506,8520
11	147,176,182,214,295,319,350,370,381,423,427,484,512,513,514,527,528,536,546,551,554,558,560,561,564,588,589,603,606,637,643,647,651,674,679,686,689,692,693,728,741,767,772,776,787,790,792,795,796,811,821,822,844,848,857,864,872,875,876,896,906,916,944,956,959,964,973,979,984,986,999,1020,1025,1061,1081,1095,1108,1125,1133,1143,1161,1179,1220,1238,1249,1269,1282,1283,1296,1297,1302,1303,1306,1334,1359,1367,1372,1374,1385,1387,1449,1450,1456,1461,1462,1468,1494,1499,1513,1519,1539,1556,1573,1629,1680,1691,1710,1721,1725,1767,1784,1826,1847,1849,1913,1929,1942,2031,2038,2042,2074,2079,2093,2113,2118,2122,2148,2214,2233,2253,2346,2356,2426,2454,2541,2545,2567,2600,2607,2608,2706,2727,2738,2772,2782,2901,2983,2987,2990,3042,3043,3168,3218,3236,3269,3329,3349,3483,3577,3775,3838,3923,3943,4011,4017,4023,4066,4229,4299,4334,4525,4588,4800,4801,4918,4954,4977,4991,5103,5204,5554,5636,5737,5757,5858,5928,6080,6098,6394,6479,6668,7046,7088,7785,7825,7866,7906,8042,8044,8118,8260,8276,9117,9353,9408,9991,10053,10768,10960,11999,12144,13002,13965
12	286,364,394,407,456,491,559,586,597,612,618,638,639,718,720,721,725,753,758,760,761,784,788,800,810,814,815,830,861,892,907,911,918,941,960,971,975,977,989,1027,1045,1066,1074,1089,1097,1105,1127,1128,1142,1163,1164,1167,1199,1215,1240,1242,1248,1253,1257,1290,1299,1304,1318,1341,1354,1362,1365,1373,1390,1403,1426,1430,1433,1448,1471,1474,1481,1486,1496,1503,1504,1509,1531,1537,1558,1564,1565,1569,1587,1592,1596,1607,1623,1625,1632,1636,1637,1663,1674,1695,1696,1718,1766,1768,1772,1779,1781,1783,1794,1796,1800,1804,1814,1819,1832,1836,1860,1864,1866,1891,1914,1915,1926,1968,1977,1984,1988,2001,2010,2011,2016,2020,2034,2040,2046,2055,2066,2068,2083,2096,2102,2104,2106,2144,2161,2165,2169,2175,2179,2187,2193,2199,2218,2223,2225,2251,2274,2298,2328,2349,2350,2358,2364,2376,2407,2408,2414,2417,2443,2445,2449,2472,2473,2485,2489,2498,2505,2508,2524,2527,2554,2562,2575,2602,2612,2614,2625,2642,2649,2660,2677,2733,2742,2755,2781,2796,2805,2810,2816,2817,2837,2869,2874,2885,2893,2899,2920,2927,2931,2950,2960,2975,2984,3014,3017,3025,3057,3068,3070,3076,3080,3123,3132,3134,3144,3148,3163,3174,3179,3190,3191,3194,3229,3245,3250,3266,3267,3273,3299,3324,3331,3340,3359,3378,3389,3397,3405,3430,3442,3498,3510,3535,3540,3565,3567,3583,3597,3655,3668,3680,3691,3695,3774,3776,3782,3801,3818,3822,3878,3893,3904,3944,3948,3967,3994,4059,4061,4074,4078,4097,4122,4150,4187,4219,4233,4234,4261,4308,4309,4328,4329,4330,4340,4341,4367,4384,4394,4426,4429,4436,4456,4469,4538,4539,4540,4569,4624,4669,4687,4703,4746,4757,4772,4778,4798,4814,4823,4835,4861,4868,4872,4888,5056,5059,5065,5077,5086,5131,5156,5176,5215,5264,5274,5283,5314,5408,5439,5450,5453,5484,5536,5548,5553,5568,5582,5614,5661,5678,5698,5725,5743,5744,5767,5801,5814,5826,5827,5834,5845,5846,5873,5880,5923,5966,5970,5982,5983,5987,6013,6046,6101,6107,6117,6135,6137,6141,6237,6250,6279,6290,6335,6355,6359,6371,6407,6438,6473,6482,6544,6601,6613,6701,6761,6775,6794,6809,6823,6937,6971,6973,7007,7019,7032,7061,7082,7137,7245,7246,7337,7361,7371,7386,7389,7391,7427,7441,7459,7492,7513,7529,7533,7536,7609,7694,7738,7985,8049,8079,8092,8129,8172,8240,8274,8395,8403,8459,8506,8518,8534,8697,8712,8769,8784,8791,8867,8885,8920,8955,8996,9022,9063,9065,9111,9256,9288,9399,9474,9591,9614,9640,9712,9721,9763,9884,10102,10123,10167,10234,10287,10313,10358,10412,10422,10490,10552,10621,10663,10874,10922,10954,11057,11104,11123,11210,11304,11333,11354,11364,11395,11459,11539,11615,11690,11708,11731,11788,11804,12305,12321,12348,12463,12638,12671,12677,12715,12777,12824,12886,12970,13048,13091,13209,13265,13321,13326,13343,13368,13411,13496,13508,13599,13652,13707,13772,13783,13933,13969,13993,14032,14258,14287,14288,14409,14471,14604,14835,15164,15216,15261,15433,15478,15671,15756,15889,16116,16202,16224,16237,16444,16452,16996,17069,17279,17354,17414,17543,17624,18330,18533,19604,19693,19835,19852
13	333,409,467,593,636,667,668,680,683,701,724,742,759,780,825,839,858,890,913,948,953,954,963,970,1004,1009,1010,1016,1017,1033,1060,1076,1087,1093,1109,1131,1145,1185,1191,1212,1225,1236,1243,1265,1278,1284,1309,1343,1364,1368,1378,1379,1408,1409,1412,1425,1431,1458,1473,1497,1500,1523,1532,1533,1534,1540,1545,1593,1595,1620,1659,1679,1689,1694,1715,1717,1729,1748,1771,1797,1798,1799,1816,1820,1835,1838,1845,1851,1852,1856,1878,1880,1885,1895,1904,1936,1943,1951,1960,1989,1991,1995,2007,2035,2049,2057,2062,2071,2111,2134,2135,2149,2152,2157,2159,2163,2192,2219,2228,2250,2265,2267,2281,2293,2317,2321,2324,2332,2334,2347,2359,2369,2382,2387,2446,2448,2451,2455,2464,2533,2557,2573,2590,2593,2601,2620,2626,2630,2637,2638,2648,2657,2688,2699,2703,2714,2725,2752,2766,2793,2802,2812,2820,2821,2839,2846,2861,2872,2880,2881,2886,2897,2902,2906,2916,2919,2930,2936,2946,2969,2976,2977,2992,2995,3012,3026,3030,3039,3041,3047,3054,3063,3103,3126,3136,3146,3154,3184,3232,3249,3259,3262,3295,3308,3390,3394,3398,3422,3432,3453,3455,3465,3485,3492,3501,3503,3512,3531,3544,3556,3592,3594,3612,3613,3625,3631,3637,3664,3687,3689,3696,3712,3714,3721,3729,3730,3747,3753,3756,3794,3835,3858,3872,3884,3885,3891,3909,3951,3952,3953,3956,3959,3964,3965,3980,3985,4019,4046,4055,4060,4063,4088,4107,4158,4175,4208,4222,4225,4236,4250,4278,4287,4290,4305,4387,4403,4413,4418,4423,4430,4440,4461,4464,4473,4507,4529,4545,4575,4592,4628,4629,4640,4653,4665,4672,4715,4720,4721,4726,4729,4742,4748,4749,4776,4780,4831,4833,4847,4863,4871,4873,4878,4886,4887,4923,4938,5006,5014,5017,5042,5072,5112,5135,5147,5180,5184,5208,5214,5216,5262,5271,5278,5293,5356,5365,5383,5454,5466,5473,5478,5493,5540,5558,5563,5565,5572,5581,5620,5736,5752,5760,5769,5794,5815,5818,5831,5852,5865,5884,5909,5917,5945,5969,5997,6002,6016,6021,6057,6064,6091,6092,6116,6132,6142,6179,6183,6200,6227,6244,6289,6293,6315,6366,6370,6399,6406,6422,6426,6446,6458,6465,6467,6469,6471,6506,6518,6543,6554,6571,6593,6604,6610,6618,6649,6657,6684,6697,6726,6728,6753,6776,6789,6800,6831,6845,6871,6921,6936,7009,7021,7060,7072,7095,7107,7126,7151,7189,7196,7199,7234,7274,7279,7290,7291,7326,7352,7433,7442,7444,7454,7475,7490,7538,7553,7573,7595,7657,7659,7664,7711,7750,7803,7813,7819,7850,7877,7879,7895,7898,7905,7912,7913,7917,7955,7967,7992,8008,8033,8045,8058,8081,8088,8096,8103,8128,8173,8179,8181,8182,8187,8205,8211,8223,8272,8300,8344,8371,8379,8382,8388,8396,8439,8458,8469,8583,8655,8686,8687,8749,8788,8813,8839,8892,8898,8917,8947,8948,8963,8978,8995,9134,9153,9176,9183,9213,9244,9313,9386,9397,9418,9450,9504,9515,9559,9585,9697,9728,9729,9758,9797,9798,9844,9853,9856,9858,9937,10043,10079,10165,10204,10255,10261,10338,10367,10378,10405,10453,10466,10478,10516,10523,10536,10577,10605,10699,10721,10818,10830,10858,10904,10912,10921,10934,10975,10981,11006,11098,11105,11215,11260,11404,11407,11434,11519,11533,11659,11752,11907,11932,12027,12133,12186,12419,12548,12557,12616,12729,12754,12817,12853,12892,12913,12934,12944,12969,12999,13047,13070,13100,13197,13203,13250,13288,13318,13325,13458,13521,13530,13568,13605,13623,13646,13671,13678,13684,13687,13727,13795,13831,13860,13891,13900,14026,14027,14042,14141,14219,14272,14613,14623,14650,14662,14763,14905,15123,15176,15197,15240,15392,15400,15458,15472,15587,15633,15681,15748,15928,15979,16059,16144,16149,16317,16400,16465,16474,16499,16699,16713,16857,16892,16904,16968,16994,17111,17470,17538,17565,17917,17935,18038,18274,18290,18325,18406,18591,18850,18873,19067,19176,19421,19470,19792,19796,19926
14	86
15	329,366,887
16	4214,4313,5390,5399,5418,5711,5895,5930,5999,6093,6146,6266,6595,7235,7339,7471,7539,7544,7591,7736,7744,7755,8014,8161,8234,8330,8425,8448,8620,8734,8757,8806,8812,8824,8848,8862,8895,8904,8953,9146,9268,9287,9311,9426,9433,9564,9599,9759,9824,9976,9982,10001,10025,10145,10205,10213,10244,10305,10416,10553,10655,10708,10716,10793,10801,10860,10864,10901,11030,11094,11164,11228,11231,11299,11447,11547,11562,11589,11678,11764,11879,11919,11973,11975,11996,12026,12034,12081,12146,12150,12193,12364,12433,12459,12507,12528,12535,12586,12626,12634,12721,12790,12797,12806,12834,12908,13062,13120,13221,13233,13332,13361,13428,13481,13515,13524,13598,13610,13612,13622,13732,13747,13753,13764,13921,13963,14091,14154,14180,14191,14284,14375,14446,14551,14586,14693,14777,14817,14899,14957,14996,15070,15074,15128,15144,15156,15166,15182,15217,15226,15245,15350,15430,15485,15584,15643,15762,15836,15940,16012,16022,16023,16076,16118,16124,16148,16163,16176,16272,16305,16427,16428,16434,16484,16492,16536,16565,16586,16588,16602,16618,16619,16641,16648,16673,16694,16706,16749,16791,16793,16848,16874,16896,16948,16964,16982,17030,17076,17103,17202,17215,17225,17243,17249,17252,17261,17307,17308,17360,17420,17438,17503,17505,17633,17682,17686,17722,17733,17741,17758,17765,17822,17826,17834,17860,17879,17902,18032,18044,18058,18092,18129,18168,18196,18215,18263,18275,18302,18365,18366,18367,18377,18426,18465,18471,18498,18584,18587,18588,18638,18640,18660,18703,18761,18817,18957,18981,19005,19014,19095,19107,19117,19127,19163,19170,19207,19282,19285,19299,19306,19335,19342,19403,19405,19465,19555,19640,19660,19787,19815,19840,19879,19913,19924
