01	50
02	15
03	88,129,149,150,174,175,183,202,204,228,229,240,245,248,253,266,267,286,301,302,309,310,311,313,316,318,325,328,332,333,337,343,347,350,361,364,368,370,374,375,379,390,396,397,401,402,411,413,415,422,424,425,428,448,451,452,472,480,484,486,487,489,494,499,507,523,536,539,541,545,553,554,556,558,580,593,605,610,615,616,618,623,626,632,633,634,645,647,649,654,655,666,678,686,687,688,689,703,718,719,724,727,731,734,740,742,745,759,761,766,767,771,774,795,796,806,811,816,821,841,857,858,862,868,875,881,884,885,887,892,895,906,911,919,932,944,947,968,981,989,999,1006,1009,1012,1014,1023,1029,1031,1033,1052,1056,1057,1071,1086,1087,1095,1097,1098,1111,1121,1136,1138,1143,1153,1154,1166,1175,1180,1182,1184,1200,1220,1221,1244,1245,1252,1267,1268,1281,1283,1293,1296,1301,1303,1309,1313,1317,1318,1320,1363,1370,1385,1388,1391,1397,1399,1405,1412,1415,1417,1418,1422,1424,1428,1429,1452,1455,1458,1459,1462,1463,1467,1479,1485,1489,1493,1496,1514,1547,1553,1554,1558,1560,1564,1587,1598,1623,1630,1636,1644,1657,1704,1713,1770,1803,1828,1829,1832,1846,1849,1854,1859,1866,1877,1888,1915,1940,1950,1956,1959,1960,1965,1966,1985,1987,1998,2000,2003,2058,2072,2077,2080,2094,2102,2108,2118,2131,2145,2146,2147,2184,2185,2238,2251,2258,2260,2261,2278,2299,2333,2340,2342,2344,2352,2353,2361,2370,2374,2376,2419,2421,2422,2429,2433,2436,2457,2460,2469,2518,2554,2564,2576,2587,2592,2608,2611,2612,2644,2649,2663,2709,2710,2754,2768,2800,2814,2816,2826,2829,2865,2874,2916,2926,2929,2940,2944,2957,2993,3003,3014,3018,3025,3063,3070,3101,3112,3136,3141,3143,3149,3174,3192,3201,3217,3223,3229,3245,3252,3278,3296,3299,3309,3316,3319,3321,3427,3430,3444,3448,3466,3482,3485,3493,3503,3504,3512,3546,3553,3578,3673,3699,3703,3728,3758,3774,3783,3787,3797,3834,3869,3906,3950,3961,3962,3980,3982,3989,4001,4002,4007,4023,4025,4053,4078,4080,4118,4122,4129,4197,4238,4261,4271,4291,4409,4434,4440,4517,4521,4542,4582,4595,4678,4721,4722,4736,4745,4748,4816,4833,4836,4869,4920,4931,4932,4942,4981,4994,5002,5005,5060,5142,5152,5173,5181,5195,5251,5282,5304,5306,5310,5332,5333,5340,5347,5411,5468,5470,5499,5554,5556,5589,5625,5639,5645,5646,5653,5671,5693,5716,5737,5792,5796,5831,5838,5853,5910,5911,5922,5983,6085,6147,6167,6182,6187,6200,6221,6233,6256,6259,6351,6387,6391,6397,6444,6513,6519,6527,6530,6560,6574,6710,6766,6804,6878,6937,6955,7012,7044,7070,7089,7190,7257,7275,7280,7290,7349,7369,7395,7445,7744,7800,7858,7861,7864,7874,7981,7991,8014,8021,8022,8039,8042,8155,8172,8223,8239,8357,8406,8437,8500,8547,8693,8704,8771,8812,8815,8822,8865,8889,8972,8988,8992,9180,9197,9243,9294,9300,9362,9368,9400,9498,9596,9706,9836,9888,9952,9999,10008,10012,10086,10099,10108,10136,10244,10281,10289,10377,10453,10519,10592,10653,10699,10761,10771,10818,10847,11077,11148,11201,11204,11308,11350,11416,11422,11648,11696,11753,11759,11803,11918,11957,12051,12149,12250,12273,12306,12328,12588,12683,12805,12852,12877,12978,12992,13201,13256,13298,13417,13536,13545,13604,13614,13624,13821,13875,13929,13967,14002,14072,14243,14335,14432,14703,14790,14813,14988,14993,15017,15090,15318,15319,16447,16529,16594,16635,16939,16959,16976,17045,17185,17204,17378,17392,17451,17494,17579,17849,18253,18603,18650,18704,18946,19401
04	205
05	17
06	1062,1078,1263,1707,1844,2799,3463,3919,4768,4798,5569,7198,7393,7727,8784,9750,9934,11333,11387,11494,11521,11856,11889,12279,13019,13401,13971,13985,14040,15460,15527,16703,16966,17509,17642,26084
07	0,4,16,23,26,36,38,64,68,73,92,98,114,122,132,278,495,544,568,744,987,1659,1845,2536
08	83
09	12,30,31,43,45,55,59,81,84,93,100,103,109,111,117,126,142,153,160,166,169,173,180,181,193,226,239,241,261,294,298,456,462,474,490,509,511,671,681,737,808,819,886,922,925,1007,1156,1202,1788,2716,2779,2983,4317
10	54
11	22,70,99,121,152,162,168,172,184,198,207,215,217,222,223,224,242,271,279,289,299,307,326,330,344,351,353,382,392,398,403,429,433,467,476,503,529,533,538,546,578,583,604,622,644,668,673,674,676,702,722,768,769,779,788,812,813,834,846,869,871,879,929,939,949,955,959,960,1004,1013,1015,1020,1043,1058,1115,1158,1163,1164,1187,1194,1215,1336,1343,1366,1390,1494,1504,1608,1656,1700,1726,1729,1741,1761,1775,1823,1935,1995,2092,2122,2233,2362,2423,2441,2534,2572,2580,2623,2670,2723,2736,2856,2885,2937,2942,3022,3050,3265,3422,3438,3469,3582,3949,4003,4029,4039,4137,4232,4248,4251,4352,4416,4470,4822,4832,4841,4927,5015,5798,5883,5925,6066,6419,6588,6760,7998,8890,10001,12742
12	75,89,102,110,120,125,139,159,177,187,189,192,211,214,227,243,244,251,256,280,282,287,291,295,300,304,377,385,394,400,409,418,437,438,449,497,500,549,584,585,592,594,595,614,624,627,637,641,642,650,659,730,741,749,751,794,801,824,842,896,945,984,1008,1034,1045,1059,1061,1076,1090,1159,1169,1196,1201,1228,1247,1276,1277,1288,1352,1356,1436,1512,1671,1673,1681,1762,1778,1814,1929,2001,2010,2013,2071,2088,2166,2211,2223,2225,2326,2348,2412,2463,2484,2488,2687,2701,2708,2804,2925,2970,2991,3092,3132,3161,3234,3313,3643,3732,3736,3769,3997,4305,4319,4512,4514,4526,4598,4814,4950,5844,6333,7404,7459,7926,8040,8515,8721,8991,10850,10866,11054,11605,11615,13838,15118,15312,15991,16919,17606,18022
13	6,13,25,28,35,74,78,105,119,133,136,140,179,194,235,293,357,383,426,432,470,475,493,501,510,551,552,677,679,781,855,863,872,893,1069,1103,1174,1224,1315,1600,1670,1871,1911,2464,6501,8215,9084
14	37,42,58,76,79,86,116,144,161,170,176,200,212,230,247,257,258,264,268,308,312,317,329,338,339,345,348,349,358,376,381,388,391,412,423,431,459,464,466,504,542,625,635,653,684,690,716,755,793,826,891,905,908,964,1022,1053,1075,1231,1427,1589,1632,1907,2253,2594,2790,2876,3694,4373,6164,7213,8384,10321
15	167,237,447,479,508,652,658,713,748,756,828,853,867,907,918,933,941,988,1025,1039,1066,1067,1073,1113,1129,1134,1167,1171,1172,1178,1183,1255,1265,1280,1302,1306,1316,1326,1340,1426,1433,1441,1449,1450,1465,1478,1484,1491,1534,1539,1543,1549,1574,1585,1591,1593,1603,1607,1650,1651,1652,1676,1687,1693,1695,1701,1703,1708,1737,1781,1785,1795,1797,1807,1808,1837,1861,1862,1870,1873,1884,1885,1943,1945,1967,2002,2007,2012,2017,2019,2060,2067,2079,2087,2104,2132,2133,2152,2155,2161,2171,2174,2187,2195,2229,2239,2243,2264,2266,2272,2281,2287,2315,2319,2332,2351,2364,2371,2389,2397,2406,2416,2425,2434,2446,2486,2491,2495,2496,2505,2523,2559,2582,2599,2627,2639,2641,2675,2689,2692,2711,2718,2722,2730,2773,2798,2803,2813,2817,2842,2884,2900,2902,2908,2910,2912,2924,2948,2951,2973,2974,2995,3062,3066,3083,3086,3094,3128,3139,3144,3146,3181,3188,3207,3209,3210,3218,3232,3241,3242,3255,3257,3262,3285,3292,3304,3317,3345,3359,3374,3386,3392,3399,3406,3411,3412,3415,3451,3459,3465,3470,3473,3488,3516,3560,3561,3562,3577,3588,3621,3638,3640,3652,3658,3663,3709,3720,3726,3733,3734,3742,3748,3759,3761,3823,3838,3852,3893,3898,3901,3913,3918,3946,3999,4000,4013,4047,4066,4099,4108,4143,4153,4168,4188,4199,4218,4245,4258,4259,4268,4274,4309,4347,4353,4386,4397,4398,4454,4468,4472,4476,4480,4503,4520,4522,4535,4571,4574,4607,4614,4744,4753,4755,4791,4813,4827,4837,4838,4891,4915,4937,4952,4966,4997,5025,5035,5046,5066,5074,5103,5178,5187,5246,5264,5273,5274,5276,5283,5305,5320,5331,5368,5370,5396,5430,5431,5438,5443,5490,5516,5544,5564,5591,5601,5642,5654,5657,5662,5726,5729,5736,5815,5823,5847,5873,5879,5908,5917,5923,5950,5994,6073,6074,6080,6083,6131,6134,6173,6191,6226,6274,6278,6304,6306,6341,6380,6395,6473,6478,6481,6483,6510,6512,6557,6648,6725,6727,6742,6785,6888,6968,7005,7058,7074,7090,7124,7149,7160,7185,7215,7326,7376,7386,7447,7484,7495,7548,7675,7737,7772,7812,7927,8018,8075,8095,8175,8295,8309,8336,8359,8372,8496,8518,8529,8552,8613,8614,8655,8734,8802,8869,8966,9002,9006,9297,9375,9452,9563,9579,9617,9637,9645,9679,9698,9763,9775,9919,9989,10163,10228,10245,10260,10353,10359,10362,10460,10531,10575,11162,11268,11291,11430,11518,11647,11744,11812,11903,11924,11972,12021,12034,12072,12125,12289,12360,12367,12928,13091,13190,13204,13267,13320,13388,13449,13530,13647,13691,13855,13973,14123,14140,14179,14242,14257,14333,14459,14571,14654,14668,14690,15015,15341,15402,15509,15986,16166,16243,16574,16640,16759,16985,17030,17040,17319,17862,18222,18278,18322,18389,18418,18735
16	52,225,269,324,496,561,596,638,835,856,942,1001,1038,1117,1165,1195,1249,1257,1331,1353,1372,1387,1497,1524,1556,1881,1891,2004,2097,2256,2338,2365,2596,2867,2977,3028,3105,3183,3276,3401,3672,4112,4164,4346,4410,4506,4541,4587,4606,4649,4715,4718,4763,4765,4886,4921,5009,5061,5147,5656,5702,5727,5740,5889,5896,6150,6229,6305,6329,6343,6466,6633,6939,6941,6979,6999,7220,7269,7358,7370,7594,7628,7838,7855,8076,8120,8202,8275,8481,8517,8534,8543,8582,8590,8656,8871,8912,8936,9077,9083,9103,9298,9411,9480,9504,9519,9527,9610,9772,9923,9929,9968,10369,10516,10526,10555,10616,10659,10773,10779,10808,10848,10887,10935,10942,10990,11023,11026,11032,11064,11078,11171,11252,11380,11381,11410,11418,11473,11488,11517,11528,11641,11717,11853,12073,12082,12105,12139,12159,12183,12200,12292,12308,12330,12488,12563,12582,12598,12747,12981,13030,13066,13095,13283,13356,13359,13378,13391,13509,13511,13516,13561,13572,13602,13615,13646,13677,13797,13857,13964,14112,14159,14161,14230,14241,14371,14416,14474,14561,14597,14745,14747,14763,14783,14889,14914,14936,14955,15001,15039,15062,15321,15337,15357,15403,15405,15421,15429,15443,15464,15468,15482,15498,15515,15568,15600,15604,15634,15641,15651,15694,15731,15746,15834,15839,15883,15915,16025,16060,16110,16113,16141,16170,16261,16308,16309,16341,16362,16481,16563,16567,16580,16610,16628,16720,16737,16860,16861,16878,16908,16922,16955,17000,17025,17026,17032,17055,17091,17109,17118,17148,17203,17264,17270,17297,17405,17481,17594,17684,17749,17754,17755,17768,17788,17814,17893,17902,17927,17938,18025,18125,18158,18173,18176,18182,18221,18261,18265,18302,18327,18334,18427,18462,18486,18513,18547,18583,18590,18604,18608,18641,18685,18741,18905,18911,18929,18951,18991,19056,19089,19104,19194,19229,19345
17	201,285,296,314,389,393,419,435,436,440,441,443,485,492,516,520,521,530,537,557,564,576,577,579,582,597,603,629,648,663,664,667,693,714,715,729,739,750,764,790,805,820,823,847,882,904,927,936,937,940,963,965,973,982,983,1021,1037,1046,1049,1074,1089,1092,1141,1148,1185,1186,1197,1213,1219,1225,1246,1264,1269,1289,1298,1341,1392,1410,1437,1451,1470,1500,1507,1516,1537,1571,1672,1674,1702,1734,1752,1840,1853,1856,1893,1914,1936,1968,1993,1997,2016,2022,2305,2426,2493,2645,2646,2756,2772,2824,2913,3093,3272,3310,3318,3338,3569,3850,3984,3993,4349,4555,4562,4796,5382,5471,5491,5522,6162,6286,6948,7347,7616,7721,8554,8689,9098,9282,10522,10968
18	1782,1784,1892,1982,2081,2191,2206,2290,2354,2539,2605,2665,2738,2931,2938,2941,2985,3023,3109,3290,3298,3334,3358,3394,3484,3587,3628,3630,3646,3744,3749,3752,3772,3788,3789,3802,3931,4046,4054,4087,4088,4142,4148,4162,4171,4205,4243,4276,4298,4303,4312,4367,4370,4403,4488,4527,4528,4545,4564,4581,4586,4589,4600,4610,4639,4701,4727,4732,4734,4738,4746,4759,4771,4788,4806,4850,4856,4883,4951,4956,5027,5030,5037,5044,5063,5077,5079,5093,5122,5123,5140,5148,5176,5180,5207,5280,5292,5302,5323,5342,5391,5400,5446,5455,5483,5497,5503,5511,5622,5644,5648,5655,5691,5696,5698,5707,5709,5710,5764,5812,5813,5817,5840,5871,5875,5878,5919,5927,5949,5966,5981,6016,6041,6053,6062,6114,6125,6140,6143,6149,6212,6222,6257,6264,6272,6302,6354,6383,6410,6484,6499,6500,6531,6537,6577,6595,6618,6628,6695,6719,6731,6759,6832,6860,6923,6938,6959,6998,7043,7050,7078,7102,7131,7157,7219,7225,7226,7234,7235,7243,7283,7288,7289,7339,7351,7363,7390,7407,7409,7415,7515,7519,7544,7554,7556,7563,7584,7631,7642,7688,7702,7732,7743,7745,7795,7845,7879,7910,7948,7960,7977,7986,8012,8036,8106,8108,8133,8144,8145,8176,8189,8218,8225,8234,8235,8271,8301,8321,8333,8343,8348,8351,8360,8365,8369,8391,8425,8438,8447,8468,8472,8508,8555,8558,8608,8687,8702,8710,8732,8746,8750,8779,8786,8789,8811,8850,8897,8901,8929,8961,9000,9060,9080,9121,9127,9162,9179,9186,9195,9238,9303,9313,9353,9361,9412,9448,9472,9495,9501,9510,9513,9514,9553,9558,9595,9642,9652,9658,9716,9721,9741,9742,9743,9744,9830,9853,9863,9889,9893,9900,9914,9965,9990,10005,10009,10037,10043,10055,10064,10105,10121,10179,10188,10206,10253,10267,10406,10433,10491,10503,10513,10515,10608,10660,10661,10673,10772,10861,10875,10882,10892,10894,10898,10929,10967,10984,10995,11000,11038,11047,11114,11127,11153,11170,11207,11209,11218,11245,11297,11331,11341,11344,11349,11382,11384,11406,11413,11444,11445,11459,11462,11484,11526,11532,11610,11671,11672,11682,11686,11698,11705,11724,11728,11752,11798,11810,11817,11824,11835,11874,11894,11926,11949,12029,12044,12100,12102,12111,12155,12172,12179,12181,12203,12210,12224,12247,12295,12346,12354,12463,12489,12526,12530,12556,12596,12607,12658,12660,12679,12715,12716,12718,12756,12797,12812,12839,12880,12926,12927,13007,13011,13027,13034,13081,13094,13099,13101,13102,13117,13140,13141,13158,13170,13188,13238,13242,13292,13318,13334,13450,13472,13476,13489,13493,13541,13542,13582,13597,13600,13653,13669,13675,13695,13732,13737,13742,13766,13777,13798,13853,13865,13882,13890,13918,13990,14010,14011,14033,14035,14104,14110,14111,14141,14184,14185,14227,14229,14251,14294,14345,14346,14359,14368,14377,14403,14418,14429,14505,14506,14526,14533,14545,14564,14573,14620,14645,14696,14722,14734,14743,14862,14907,14918,14927,14959,15008,15061,15070,15086,15097,15107,15112,15120,15134,15165,15186,15220,15237,15252,15304,15427,15433,15434,15461,15481,15494,15553,15556,15581,15596,15598,15628,15663,15664,15686,15740,15760,15832,15840,15849,15865,15866,15886,15887,15953,15956,16074,16087,16095,16130,16138,16209,16231,16238,16240,16253,16271,16280,16291,16292,16329,16334,16355,16360,16363,16423,16491,16498,16521,16532,16569,16581,16630,16644,16671,16673,16716,16717,16722,16784,16803,16810,16855,16884,16903,16905,16989,17006,17052,17058,17063,17078,17123,17275,17339,17341,17348,17376,17433,17561,17565,17568,17589,17669,17772,17839,17851,17889,17934,17939,17940,17956,17959,17960,17962,17965,17967,18040,18075,18089,18154,18168,18174,18247,18280,18283,18293,18325,18368,18398,18417,18466,18484,18573,18656,18664,18683,18684,18760,18780,18834,18854,19045,19049,19062,19091,19105,19117,19159,19177,19180,19195,19199,19205,19206,19244,19254,19260,19267,19272,19276,19281,19312,19354,19430
19	5351,5575,5945,6352,6591,6780,7027,7231,7561,7605,7717,8233,8422,8449,8738,9214,9319,9475,9488,9494,9647,9769,9814,9894,10022,10057,10387,10541,10567,10594,10615,10627,10633,10713,10742,10760,10943,11008,11036,11144,11217,11284,11555,11566,12069,12173,12175,12190,12397,12481,12515,12590,12645,12734,12752,12772,12783,12792,12864,12959,12977,13129,13178,13227,13282,13319,13352,13360,13385,13473,13551,13554,13605,13644,13917,13991,14046,14054,14097,14175,14282,14388,14467,14501,14735,14780,14908,14947,14962,14982,15044,15145,15156,15181,15234,15236,15247,15358,15383,15451,15540,15579,15638,15683,15707,15734,15735,15922,16037,16128,16208,16212,16223,16230,16234,16254,16276,16294,16306,16323,16328,16351,16537,16565,16571,16575,16654,16740,16851,16854,16856,16906,16942,16992,17003,17011,17021,17155,17227,17235,17252,17335,17417,17435,17473,17666,17728,17855,17917,17928,17941,18009,18218,18230,18242,18269,18291,18292,18301,18472,18569,18575,18577,18587,18816,18852,18867,18873,18896,18944,19035,19107,19131,19136,19323,19326,19329,19341
20	572
